
701403008
630000000
005000000
000594603
509000000
000000004
300800400
180900075
000140000

082000000
009400007
300726900
000200000
810040000
000007600
068010070
020008000
970600040

000070000
900084501
008020000
301000009
090000004
240000000
000003000
137098050
500002070

000008009
070603050
840000030
007000090
360450002
508029000
000300087
000000540
000000200

000054080
000100000
196000007
000000056
000860001
200000090
001000405
520001000
000098000

059400600
060000000
207000390
003200070
000050900
600700041
031005000
000002007
790000060

180030900
000007000
307050002
005000000
000009001
006000030
000060100
020070605
068005070

000354000
000000100
500180000
002700000
300000002
058002003
036010000
200008010
700600405

100005000
004100280
087042090
000020050
000000100
030000020
002014300
040050802
090080540

020000090
000050000
400672000
090080000
008236500
236000807
000000000
900345000
367900000

040008020
683047000
000000006
500076400
430005000
002900050
000000030
000000980
800000700

000020507
063000000
090000062
601570020
520900010
900008000
380000006
002000070
000000208

700091800
002500040
085000107
900000001
400010378
000000050
000000000
030020009
000740200

103200009
024008003
000400100
700800036
300069000
086000200
000780940
000000010
000000700

005007090
092050043
760000000
003009080
000063007
584070600
907000000
030000000
428000000

052010000
037000000
980050000
000801200
000200107
003047080
809070001
071000500
005000039

780000000
000002000
026000087
040050000
001000006
009016205
000890160
010400002
000001000

260030100
809010000
010082000
100000002
905000000
003000500
090000004
600041205
500900360

090000040
007050000
000000080
020086001
040000200
950000070
600570000
400008009
000020018

000240000
000008004
000950800
500030000
400800901
080006300
000400008
020010503
009002000

500300900
000092000
002000000
910768000
605000000
000003001
000609020
080500003
026080010

010804300
206000100
003000058
800000001
090000600
000500829
300002000
045060000
901300000

410200008
000001000
006400009
020504300
940000600
600003000
002000001
009356040
000800000

000900000
100024806
020780405
000090000
504007000
086401070
000000600
000869100
000102004

009000000
000000260
003050040
007908406
040200009
000503080
800709050
000000690
200006000

630510004
080042000
200006000
107004620
860000010
050000300
040000500
000257000
000000000

000940000
300000000
820010000
900000080
001702903
070000520
014500000
030000750
700208000

050000106
000070008
000009050
180007040
007900600
005801307
000640005
006000800
000000704

100039502
900050040
080401000
020000004
003000009
517000300
002070008
000003090
000000700

005080000
000403000
000100008
006031005
507000000
000070000
360904700
080000090
001000460

000000230
040600000
002000060
030800400
070002008
620041300
000010080
780000500
005200607

010000068
004008002
080437000
070090000
001642080
000300020
000000037
003700006
000000140

000000600
000000000
001706259
010082000
090010008
820005070
000000080
000000406
406050001

000804070
054700300
000000000
500000000
000106000
800047603
006000502
007028010
040060030

019806020
000000000
000010690
090003400
400092160
001607000
030000081
080000079
000000000

000070034
000100008
060000000
030040800
000090400
010700096
040000300
900080000
308069507

050904008
000600090
601000400
073000000
006300719
000000040
009003000
410000080
307809100

500070043
004010200
000000001
000000897
031000000
720000000
007000004
000093085
040000100

900700005
008100000
000000940
793000008
500004000
610000000
050800091
000000600
300900050

605007900
700009061
000210700
000020080
000000000
092080105
000100000
000008002
000572093

041020000
005007000
000900000
000600050
302000006
016000400
000400075
067002309
003005200

845120076
020000900
600007200
010800000
000000049
406000000
004000001
072000480
180000007

007000000
000890460
100070030
000400000
200089370
000020080
000000000
009030810
430600920

000040009
000000017
000000000
047030800
000084000
051706000
690500003
003010008
005000760

050100348
002040050
100000000
600000007
000630000
000050200
000004065
500082700
300000800

000800500
000030086
000065214
600003007
003000000
870402003
008527000
006008305
400000000

570000000
100000580
809001064
000005200
000400100
057090000
000000859
020940000
700000600

006005007
000096300
900000400
020000000
000700010
165000090
400900000
702004060
093000200

008030000
100008206
693000004
206003400
001000970
980040003
000020000
000000007
412000008

000800010
760100000
009530060
006000250
500000000
090002800
050000000
070900102
301000900

000700042
570002900
030046000
200650090
900020534
000004000
000000208
060000400
800000060

650070000
820051000
007800300
500000900
010000037
090006000
900030006
070000000
005027809

070000205
000002400
500000000
280600000
056380000
009000000
060007050
037908060
890060004

462000090
000000000
008004360
703000000
010000000
009102430
607000040
080000700
000009801

802700003
500100070
000009000
000000000
340851200
901003700
090500400
004000010
080047000

000100200
000000000
008000906
070002400
006308020
900000003
014720000
603004100
027000009

009001300
007509002
024030096
000000570
000000000
090003000
300004001
200000000
006720000

009000000
100000005
000030628
000006003
003000190
900020500
005018002
260097000
800000000

009000000
208001000
006584000
000900000
000060080
000007015
000078400
600010290
540000008

900000000
000106000
200904001
000000007
605400800
400800096
000601020
009250764
000000500

080030040
029005006
000470920
000890050
000000200
000604300
200000000
007003000
000709600

050100073
900300610
070058000
000029050
200070100
000500007
003000092
090000068
000003000

097006000
540000001
000000395
000031800
380000040
050009700
609700430
000000068
000000500

900005400
003200706
740003205
000010500
009052300
050900070
000026000
071000000
004000000

000400000
300002080
708000000
076030050
090000072
020050304
600000830
000080407
000090060

500080200
043006001
800430500
285000000
000000000
060000027
002000000
070301640
010000008

006070209
000000004
402061000
027008000
100030007
090002000
004000700
000090040
000803061

000070020
000000700
000009080
907001200
080030006
000050130
310000000
570012063
609000002

700009010
000805270
050010809
008107060
300600000
570002030
600000790
800000006
000000000

430080100
080600040
500030000
200400050
000070000
000000670
000300485
000060300
700000020

004308200
006002500
000000000
000003050
700890004
000670300
900060400
245000000
070000003

030008000
020001000
000000370
000400100
840093000
100000005
200009080
014000007
080050030

000000000
050090030
000000002
500030028
800401070
093002010
080100050
105040080
900007400

040802700
000700003
000039000
124903000
000006208
600100000
200000870
060000000
078400006

520800000
008640000
004009503
000738000
060000000
205000300
006300900
002000068
000007005

009083601
050002097
000000800
700610020
091300008
000000306
000001003
000000000
078900000

082090003
000700000
070000020
200000901
400005070
800030050
000000390
090043010
000028000

700003800
000500010
008100200
000050920
000002080
000000400
040200001
030479000
205030000

009050801
050004609
400017000
000800900
000071000
503000000
010005000
800609300
036000000

685700010
002080506
700000000
208000000
019000300
000000060
500071200
003050090
000009003

000000050
009060000
065004002
030400200
098000000
000029301
300805000
000603000
010000009

000930047
000500030
000000000
045008900
023000000
080070560
030000700
000002098
000760052

406000000
010006000
800410700
009070104
000140002
700030008
023701000
000000000
000003960

941000000
000006004
000100003
000479000
000001000
085000000
703500100
560007000
008040090

000400900
004000670
000871050
910080403
800304000
000000009
000010890
300007065
000500000

000000000
900002006
008000203
400100500
200805400
000090001
000300600
040500089
010004000

000480320
007000004
000000000
090503080
700000009
004060500
053008400
800030005
070602000

010030400
074060030
000000650
060007003
850000060
000200007
000350000
000070000
500002040

200000000
058000300
009000080
000086500
002530040
060040090
790000060
300000702
604000053

106004000
000508010
082079000
000000100
000051700
409000000
250040800
001007090
000600020

035100047
802007003
010080520
000806701
000000000
286070000
040000000
007003400
500000000

000000308
300000095
005000420
070080042
000000800
048300910
000000004
017803000
024017000

000000300
630054090
000603000
000005060
104390020
020000400
000000810
501009000
000026050

000000400
080694300
060200090
000300000
000500010
100082005
300000108
000800060
054009200

090703000
002080000
006001000
500600090
803015000
620000080
000007010
208090530
031000060

000530000
003004006
240600080
000400009
030000000
000075200
002048005
708209060
005700000

000000720
204038060
700109000
340800109
001060000
009000200
030407000
000300000
008016000

009000054
000080070
000000039
000090700
805001000
040803000
700000080
003200500
100500203

610039000
009700000
025000800
900000005
003007000
000806902
100650000
502000010
000120500

000900060
000040000
704005190
207304010
501090002
309070000
000100000
402030070
000002000

300206001
000000040
000390000
000000700
060540030
902100004
030000060
000000000
604020975

080010500
504060001
060008400
090046008
000083005
200000006
000000300
009050200
000090000

920000386
460000000
005000000
090000000
600028000
801300004
000680140
150000030
000230000

206000901
004610800
005027006
000040500
000800000
000005740
700260100
050700000
010080000

001000098
002000300
680200050
008000000
000000501
200090480
030016000
000000043
100850000

080034000
300000060
000000000
400350809
500700600
000001340
004010008
903006010
700090030

021009000
760300400
083007009
000090800
000000641
006080200
000002100
002076083
000000006

800000000
000030906
009000310
000206001
902000000
300007000
700002604
031000700
008704000

006100000
500340100
007820540
040000013
200000000
010000800
603000000
000200000
070001026

030000024
140000009
790000060
000010200
000070093
060000000
459020001
200400000
000903700

000108903
100200000
075000000
080000000
900804320
004009000
042907000
090300050
001080000

500120000
106400030
000050060
000290601
000000090
205000408
400580000
080000000
000903000

000039500
405600008
090000003
069002400
800306000
040001000
080010000
100005002
300900000

000009800
007020403
620800000
400001000
000300000
061200000
000100000
003700249
072080300

000080000
018040000
000903008
000020040
000000000
105000360
080090400
201060009
009001830

008600500
106900003
905040120
000010050
000060004
400830200
003080000
000005040
000000000

007041002
000000000
004000000
070060051
006402009
500000000
045170000
069300007
000006340

000020000
000400080
000081007
908500001
205010096
710000200
600050900
100760054
000000000

009006000
048005000
000040900
070850006
501002090
862700010
000028007
100507000
007000000

090000700
107005000
000004080
900000030
036000407
078000900
000000001
405003000
009100875

000010073
003450000
080002000
012040000
007200058
500000109
079508002
005000000
000000007

000065040
000100080
900340700
000000030
800009000
000010005
600050000
058930670
109800504

030600040
000540098
000007003
673000004
040000705
000060080
300005000
006000800
905800002

000063000
000000020
100704300
300000970
010640003
609800000
703000400
000001000
020008090

104000060
000200807
900700000
060890003
200000001
000600000
000000006
041003700
890040010

509002038
020000000
000005002
130050000
005209006
000061500
000000023
000103007
700000650

000205047
700000000
095000000
000060805
004508372
002300006
200030000
058000600
907000000

059060300
060010040
000500970
090600020
400000107
000000000
000000000
700431500
000002730

026050080
400100003
105000000
050000000
800040052
000810400
000070005
070600300
080021600

000500000
006090000
090000000
000000003
901000004
050140706
000001000
004006527
270300069

000206005
083000000
900008000
001507029
300090700
000003106
605000000
090700002
028000000

008059000
300000915
040000000
050700006
100300070
069000000
000000187
000008000
000000430

800000002
040000010
150000400
005908000
700060005
910020640
074800900
080600500
000005700

000940107
020005090
100703200
614090000
700000030
090020000
470000000
000054060
030006000

519000000
008003006
000087050
000600000
001000400
057008000
000000700
064090530
300106004

020010050
810430600
060090040
400009000
080000064
000005810
000000080
000300000
300280000

800300000
605008000
000070000
000200705
003600000
008000012
071020300
004006050
050003000

020070100
000300000
070000590
040000001
901500008
007040020
000030000
000105070
500820000

008010000
000000300
000000024
070030010
060870009
900620430
000000000
200060080
004009600

007004608
600170050
001000000
000090000
084602100
260040900
100050000
800000400
000000062

300007000
940083500
000090000
000025000
102000000
050008009
730009402
004002308
080070000

260809000
001700000
070000600
300000080
009000001
002000730
000208000
010300400
007000100

000040001
027000050
003200087
000070000
050030000
430000000
060001200
800005036
000780400

000907001
010004700
000005428
000108067
060070000
000200000
480600009
000009000
075000002

350700000
000000000
000001047
806390010
000070068
007050003
000600009
400000030
100000680

010080009
000000006
000000300
000002805
250004900
430060020
000005098
320000501
009100400

065300020
000000530
007008000
000000078
000004905
200000600
006980000
380402000
000037009

000076200
030500000
000080193
960000005
502000000
080000000
000009010
095000068
608010002

050930008
060007200
040580603
002400007
084075302
000000400
000060000
000304009
008000000

000206000
021070000
500000009
003960000
045300000
700000000
009030000
002050901
006010430

003200406
020000009
080030000
000400790
900000064
000305002
200600000
000004205
040702008

013002500
800031090
950048006
080005000
000900000
006000400
090200605
000000300
000003004

000001060
000400000
000050097
043000010
100000639
060000000
005003100
094070026
000020004

530600000
006000000
000090000
420000830
903800054
000500200
004032006
800000010
000008095

803610070
500000000
007000100
600000000
000809000
075000000
290000000
000098063
080061902

080000002
020000005
090028704
000040018
560000000
109000067
000600000
000000200
400905000

580100000
209004000
030092050
000000800
003006001
000510006
052640000
368000000
000308000

008000010
000000600
000000000
400003500
015002068
060510009
201008400
040020906
009400020

004000000
150060000
009503400
008609000
046008000
000054000
000012609
010000503
000300804

003740060
001000304
000200000
007000000
000009501
010005670
000060017
000000000
059013000

000006002
004008900
080004057
000070000
900000000
000000038
830040526
067300040
009200000

003761200
000003000
000090506
005100970
000074005
000000601
701630009
000400700
000000020

000040007
007000680
010900400
000080921
290604005
008007000
082000004
600002098
000000060

008045006
000000000
000621000
000000408
000082500
060100200
609400030
053096000
000000002

700300109
010000480
098000003
407005000
000000300
050000098
386000005
070008900
000001000

093000804
000300960
000800000
500603090
001040058
008900000
600090000
000000041
030206000

070006304
005430080
000082000
080000030
700100060
020060045
000000007
650004000
040000800

000124700
000000300
500680000
000050460
250008107
000070000
480502000
020007000
000040680

009300008
430000000
005000000
700030490
080270005
200091800
301000000
000004310
020000700

020970000
876000000
000000000
500400108
092000600
100006007
609010000
000007000
010564809

007020010
020001004
010004700
976000000
000018003
000200000
000000460
030000200
692000078

000500000
000004000
243000000
086009400
005083260
000060900
509040080
320100000
008006050

204000050
030600000
905008000
000406000
400080009
720000600
000002098
800000705
000005064

000940000
000000000
900073000
006080410
402700300
010460029
100030600
069010803
004000070

000006008
500700030
000003070
930000000
000300790
200080000
002048000
708900005
006020000

005000600
000000021
300000000
400032000
000057000
820610070
210400007
008060000
600000280

605080000
140003070
800001050
400100700
509006310
006000000
900060000
070000000
000035094

010500020
609031800
003008001
000005170
005260090
200800000
091000000
800000900
007000000

008004000
000206030
760000840
090000000
001600000
002879000
180430000
400001680
009000000

300000009
040390206
000002053
000010000
003080691
420500000
000100034
000906002
000040000

000100000
907000006
300740005
803400079
070030000
005010000
001000060
060004000
490050003

070106900
600840010
000000800
319000004
000200000
000007000
704003069
003000000
000000100

420010006
005000400
000402093
040000600
006090080
003208000
008006001
050000800
300000000

000054000
054000000
380000700
600130050
802500006
000000023
700000000
405000078
000010002

018000000
500040000
090601000
001007000
300100005
050006309
040000500
700400800
006009003

800500100
090000083
000030420
907310040
000020000
001804070
004000509
010000000
000405000

570806430
002041070
000000008
700000000
045000106
036000000
068005740
307020005
000000000

090001056
035046000
604008001
000703819
000000000
000000007
003060070
810300065
000000080

002400007
050600092
010080400
000009020
400000000
120000000
000010009
581040260
290006008

000009006
000000180
000716009
700000300
020900600
000025000
060007020
900000008
105002037

004000000
070009600
806000025
000008000
000506704
065023009
003000800
008075000
740002000

000000700
002140800
004500030
390000080
081039000
270000000
007000010
000800540
500000090

010500000
639008007
000907000
008000201
090072003
000000000
060090080
005801006
800720000

070003080
000200900
000000074
600409200
000000050
000006400
006700500
002094603
043608000

000809030
040000000
000007405
000000004
708000000
030190650
090050300
000614590
100000070

800009000
090701006
000002001
000000350
600300008
000000109
020006000
005108007
000500280

000000000
000809005
008513400
085000010
029400000
001090078
000050043
000042080
000300001

000600310
800000095
300508604
503900002
000010003
000004900
000000100
000026000
009840000

000003100
000100900
200005000
010007200
083050000
090000470
050070000
900504002
800030001

040796250
000102400
002004100
230607014
050000670
700500030
500000720
090000000
001000000

068700000
070420005
000690400
000000070
200050004
050300090
000003000
000080900
780000032

580000030
000041000
002360000
020700001
064000020
030000058
070026010
400000000
006107000

000500009
000000060
002064100
690028000
000100000
200049070
000000648
000001050
008600702

620300000
000000007
050080090
060090003
300000008
800002061
007000020
000000310
289000706

030072000
005000062
000400800
000300490
008050000
000900005
200000080
090704600
000006500

000008002
002005000
830000500
000900320
010007008
000040005
050800070
000400030
008302901

900500020
010800603
002060010
300095000
000000005
080600092
000780000
700002006
000030081

400000020
080000060
070009000
000003002
016000083
002080400
900270010
100008040
604090000

004200010
200007000
008906004
001020398
000100000
090000600
000034000
060000007
000790200

810020300
760040800
030000002
600005080
000038614
020000050
000080705
000000000
200704000

700001030
108000056
000006020
600000000
830060009
009000080
200053008
010000095
300090010

000302860
000070090
780004002
600000100
000000040
200600000
800000000
073021004
004007089

026070108
000000200
400089076
007068002
004000080
080000019
000010300
900000004
000000020

050032607
000100058
000095301
000001700
289000100
000000000
900600000
021000000
760000205

800006090
006020500
050800070
000009000
000050000
007300800
708000006
003760009
090000120

000000001
000052097
900006400
000009248
500621009
000000000
060205000
170900050
000070800

904030000
800000540
070280090
731800004
050000800
040000201
000003000
000009000
100000007

600004000
084900170
000000000
000017000
000506000
056000080
200061509
010000008
008750040

000086070
290000000
406005000
620000000
007000030
850297006
000000000
005700024
784000005

400600003
600270850
000003000
002900008
300000002
500080000
030840709
700300006
000097000

007080000
000000060
040095000
090500000
006000709
000000048
480000003
700960024
000024507

020800000
009100000
650090081
040620009
100030002
080004005
090300000
004000050
205000060

100009037
005208090
700000000
500301420
400905000
080040000
000002001
070100000
000004805

070038609
001500300
009007050
050760008
003000000
800050041
408000070
007000000
300000000

010007300
500900000
408100002
003200074
009870000
000035000
000001050
000000800
000520090

007209008
100004000
090600000
800062090
064300000
200000700
901006004
000030000
402000001

500710200
270000600
060002050
000000806
620850004
400100007
000071000
890000400
000000010

017000009
000003700
400050000
002008000
870030010
000000003
200000001
030000008
580009302

010000403
460005000
300002509
000000000
200060010
670940002
000000000
000007390
001009020

000500400
000310000
021080090
040003970
600000800
000000000
070004200
100009008
090020730

400508000
100060040
000100605
000000003
600700100
000000876
070004000
000002087
560070201

019800000
700400020
080005940
000607590
000000000
000004017
000720050
000000401
170009800

007002003
803007000
010000007
001070060
000003080
000680200
300000095
100205000
050096020

453000016
960000500
002003000
000800190
000500043
025000608
300200000
090040051
006080000

070000908
600000000
015000006
700100400
050068000
104503000
000000090
001006005
360080000

000208467
000001009
000006500
500907280
407080100
000500000
604020000
200009006
000400950

208040301
043000060
500000007
820000000
700000000
060002500
030074005
100038072
000000003

000009000
610000000
357200910
900002000
100003605
570000000
040000006
760491500
000760000

000972000
000000530
004300002
000001000
000240603
000000740
300004900
500000427
100060000

000090301
008001025
000060000
392010046
010045008
000000000
040059000
500406000
000000003

000500000
003090000
000000890
480750000
290300000
000249000
001480030
800030250
070000001

000008090
000000100
679000000
000309040
001700300
060000200
090023000
020007460
087400020

040000000
000080064
008063701
000700200
007000053
000050080
800007602
000520010
400100000

000020000
085000300
016500000
001084200
900600000
004030000
100009400
000102509
003050006

050000209
800000031
000020500
076003020
000005000
020008900
000500190
093000000
080072006

020000004
090207080
050049200
000000008
074000061
010000450
702005816
560000009
001004000

500204000
008000100
064351002
200000800
000000017
080000420
000000300
000046700
610007004

000003900
000010200
700060000
000005300
020900400
040730059
006000000
950001000
310400065

302000000
900002600
006570000
000000000
600900051
090361000
400090300
009205000
130040070

010093040
000000020
046021000
000000400
300000590
007010030
000030675
900000300
500700000

000400000
050000740
020008060
060004078
000805000
500620030
000000100
002000080
071030600

004060001
000000940
060072030
901007000
003080000
700630004
000004703
020000000
000006010

042010000
030002501
005000070
000000306
000030005
010070040
800000107
603000400
500000068

000000600
006040002
739000100
403000000
060701000
810003000
070109000
000000000
000000784

020000091
004006000
310005040
050000000
090030700
006004010
000520060
003001000
170600020

904210030
060080000
000960010
001000500
002000000
003000009
500020604
000030080
006004290

082400000
009000000
000006080
054008000
000752004
900004000
070015006
100890070
008000000

801000000
009000120
000700036
760280000
010039000
000000400
020000004
403000070
000900300

070408290
000075010
000009008
020000705
000000060
007090480
000000600
980602000
000704050

010029040
009080570
005000000
002000000
060000007
070006001
004700900
000800065
908200000

009000050
030060000
006849000
000001040
080000531
000400000
060000290
020050400
900003608

800200000
000007103
090083600
008002000
000610000
006059010
600000000
085091000
709300050

000003000
829400000
000900600
005800340
040360090
006050000
900041003
004500020
030009000

000500000
400107000
000003800
500030000
040008107
630000204
070206403
000870010
060001002

008030000
301000004
000070900
000900000
007050480
065004000
150003006
004000003
070509000

000034800
000180320
600700000
084009000
006000000
900027080
702000090
390600040
000000600

080001004
306008005
004070000
000200503
800000000
000305408
100000300
502040700
000812000

000030000
000007000
600040013
300062000
001000037
000000400
570600002
090503001
040200700

000016708
060050900
008700000
050623800
000001000
309000010
280500000
007902000
003060000

000090082
100600005
320400100
060201450
000009061
000000008
009006030
006004000
000300000

000409000
070060000
482003000
000600000
030000007
000200090
009002000
700080604
520070008

000720900
403000005
000400018
010002370
020908051
057000000
000130000
000200009
090000000

300000090
042006003
000204100
008000960
206300048
050000000
001485020
000000000
405090000

000080100
403200800
095000007
000090408
080310090
007450030
200000070
009000000
008700900

106073000
700005200
024080070
000000400
000000000
010050000
000300762
803007001
060001083

000000836
980030104
000007000
090400360
105600900
000000500
000900000
310050000
060713000

030010407
010000002
407000060
004800109
609000020
000000000
900200000
700034000
840000730

820030500
000000000
030086020
280960003
070500042
300020000
000694000
000050900
000000000

002000000
100000000
300000200
090100005
000200600
040300829
000006504
904803100
600502080

000008005
008020090
500040021
647900000
020800000
001406500
000590004
000000000
002001009

590400100
040003002
006002050
000100000
000005000
100298000
050600000
003009008
689041200

708030000
005200740
400080605
001407000
020000100
000008006
000000000
007005400
300000061

000000040
009000200
700040038
007000593
400096000
300200000
006002000
000900750
080400906

060840000
000000000
000600001
100000709
084090600
039000000
090006050
003000070
600581040

035000980
060008007
000030040
097500100
003790008
058001000
000000010
010006790
000000600

290006500
001008000
003000000
030190605
870000000
006503007
080000230
000009000
007000051

008040007
060009080
034000590
005610000
000807000
000090000
000903020
056080300
003150008

020000070
700000400
030000080
000970003
000503092
050000000
006705030
000409050
090020604

800000709
600200053
720300000
000900018
300000000
070600000
085060002
000020170
030009080

400000091
080020600
001000040
020400900
600000810
970080004
000270050
000000400
005000007

600028000
008000520
000007001
000080000
090001000
000039010
056090308
002010050
000305090

000304700
090186000
080005000
010070000
700503100
000600080
071900000
000000050
950000600

602800030
041000000
000000010
020000000
003000846
008000203
030910480
009400600
070020009

409003007
000070000
050084020
007000200
000000003
208000000
020040090
005009801
030810000

001060000
090003700
806070000
037008500
008900010
950300000
500006000
060000300
000010200

800609302
900050780
000100060
600000000
030070005
000000000
000802901
000000600
305000800

001200300
040000000
005000000
500060007
030010850
060003040
003000020
002800561
600504000

095062007
006070300
408000029
040000035
050000000
700003090
087600004
000007002
000000900

032400000
000000000
100200009
000009380
063001000
004060107
000706001
008030000
200004090

700010006
600907000
850030090
001000008
407000009
000045010
000009000
000050037
030000800

000000026
050000000
000300508
000600007
700900250
009003000
605120709
300700180
002000060

001009060
894003010
600000000
000700090
043600100
002000048
038090000
400000000
109280000

003050690
000008100
094001058
006000040
905780000
830000060
060090010
050000000
307000000

320180500
051270600
600000000
070000245
800000003
032010007
060000000
000030000
400700002

400000000
027000008
006480203
800000701
000000300
003700056
060005000
201048000
005000020

409285000
050000100
000000000
204800000
090003008
030400029
000000610
005000000
308046000

000000597
020050308
060000020
000000000
200096030
058400000
430000600
900004250
000000074

050020900
000000005
000060000
043800010
905000082
200000004
008004000
530090200
060350000

000002806
007960003
092430000
050000940
900800600
000000058
000000287
700000000
809005000

000200400
307005000
510008000
050300000
208000000
034009780
090470230
800050000
000002009

150800400
290037800
000010000
000000104
000000370
503000002
000003790
800501000
000004001

309640020
750300010
600071035
000060003
001000750
003907000
000490076
000010000
000003009

020060087
000300120
005000000
000200035
000030906
008700010
600085000
800610709
000000000

067000900
030040580
001000000
003001000
000374000
108000009
005980006
000005008
009067000

800000000
005004090
300870010
000000903
703000040
200015700
000001000
010902000
000057009

500040190
007609002
000150400
060310000
000000023
000000940
370000000
100000206
000004000

000030008
806040000
000000102
300782001
070910600
040006000
090067000
030000000
000100207

000002005
000090100
000407083
053000010
000109302
400700000
040003000
000804020
020950800

000906020
000350080
700408000
006009054
040200903
080000000
623000000
000607200
004000000

009000000
720046900
050000000
960007000
070005490
003000000
140600000
000100500
500079030

200900000
000003000
000000029
900100300
080006005
000430010
390005081
004080050
006310000

000600000
000004010
070098206
001027030
000000080
003160000
300002000
087040000
200030740

690004500
000936000
800020010
506200003
040003000
002010804
005000000
400000001
103000400

000001003
000020000
040596200
000000000
900070000
200040905
030000076
400600000
075230409

070000000
000030001
005002000
290000307
006007004
000024010
100000509
000965000
600001000

000000000
000070008
090002700
003001090
000080021
600900040
700008006
306000002
080024009

400000000
000008002
208400009
000072604
006084021
000000070
010900406
000520000
007006000

029000000
480010302
100070000
000600008
000008700
800034100
000002960
030000000
004987000

803002109
000070080
000009000
370000005
045000010
008000004
009100003
001000720
724300090

650004010
140057200
090000000
000003000
000000008
310006000
000200503
200060409
430005600

000000634
800000000
004003008
000004003
060008000
001600750
300012000
002050070
100000200

007602030
064800900
308050000
000700060
000038000
000400300
006000800
200000500
080005620

008000000
160209070
703000920
001070090
407860100
600104000
000021000
006340000
000008000

070060000
000800100
080300000
904020060
000003009
600010840
400000000
007000490
020100008

903060058
008000000
510008320
000010000
000002001
005000000
000085270
709200030
000100090

603504000
007003040
000610007
000700900
000052000
700069103
010200009
000000610
000040700

205000000
007010000
369000005
000006740
002100009
090437000
120000060
000723900
003000000

706300102
000008000
000200600
300590060
607000000
001830709
000005000
000610900
270009000

000008000
000560073
380007500
804301006
000000000
603000090
000000054
000974100
000080060

600804750
000600000
090005430
000500209
500940073
000007580
000080000
070000020
050003090

052000060
800000400
010304900
080010006
930000000
500000098
000900080
040000150
000400200

008000000
250000700
000290804
000000008
000006000
970000421
001060000
602005900
080047010

000000000
560007048
000005376
000790054
000000100
001000009
600900530
840530000
000000000

000000895
105490000
200000000
540800013
002000080
000000209
001000000
000060024
030509006

000080900
081405700
075020080
000007400
648000100
000500002
510200000
209000004
000000009

500876000
000010000
023400060
000700000
430000000
000601042
308002107
004080000
000000054

006109000
050040019
000060005
000904700
010000000
243007000
002000476
000002000
000000903

000000600
000020090
060914002
002000100
000001809
007500000
000602000
700090451
009050008

008050600
000000023
100026090
590800000
023000080
080000915
600000702
002500301
000000000

000000001
020030005
000801020
000570000
000009360
001600082
900002003
008700600
000000000

700000002
000050070
003960050
230800000
000070800
040025000
060090700
090030000
800400005

039067000
000295000
500000000
020000000
000631902
007000601
000050000
070083509
105070003

205007940
078000010
039500000
000103050
000000020
080070000
002981003
000000002
300050090

000000000
000050410
200000060
000001090
000040830
040080102
510209000
930005006
000006000

500090740
000000031
000140908
008070400
300010270
000004300
034000850
700030190
000000000

000600000
590000000
100002900
200006000
030045170
000200506
000100600
016900000
403700000

640000000
010600000
500002070
000050000
060907053
030010009
051000600
200000030
000340015

000820300
080000000
000070000
090000500
270008069
038900701
300190805
005200100
600000000

009500000
520180000
700000004
000005002
090012000
084000000
000200076
008040000
000950401

005026409
940180060
030004000
000000382
000000000
480060901
000000628
000092000
003000000

004002000
006030907
000007560
030000070
000000300
980053426
250000700
000090000
098000203

000029310
000014000
080500000
900000002
000000071
003000480
004005890
300000000
100008540

060002000
000700450
290830000
000687009
000040007
000000300
300090700
000500640
000470005

000003002
210000340
800000100
040092500
002050030
000430080
000100400
900000001
050000709

000029080
004038016
000000940
031892000
007003002
000160300
009006000
000000067
000010020

000005000
003280009
010000073
065021000
000000000
000700092
000006000
000970010
000300825

050209004
086050700
000000030
000537000
000000090
003064000
530002000
090300400
600080000

020500081
100000306
000007502
000000000
060800204
070231800
080000743
012000008
000000000

100400028
004000906
090250070
000070600
000000010
000004050
200700001
006908000
087010000

000200007
010000000
002450008
000875002
000300000
000092005
800030070
009508420
003001050

200000041
007000203
530000000
100706400
060000002
400002605
675000028
040000006
000001300

060290300
904000050
803000000
708000000
600000080
005300000
000070028
002004607
000020094

000900000
000000103
800032040
400010008
500703010
300005090
902001000
138409000
000080000

004006038
002000000
730000200
040000180
500603740
001000000
003002060
100000002
070040000

210000000
073080000
904000501
402000000
050200000
090050400
000300200
001048005
039107040

075802040
600070350
900006280
003087000
050900070
000060090
080540020
000000000
000003000

080003020
001040800
600000000
090000000
004102630
800904102
000300000
200000050
000209006

004982000
003060000
800000005
200008000
508300047
009020050
000590000
005003094
020000000

700510200
000870009
002600400
080200050
160050900
000000760
405000006
000008000
070000000

007005010
100040003
050802074
418900300
000580901
900000000
700120000
000000400
080000000

000006000
700000000
240030000
000097103
090800046
002000007
309020050
000070000
004900060

048006125
000040006
500090000
000000000
002805041
000014089
020080700
705000002
000000800

000005610
000000040
504136007
000601470
000904500
001000060
000007030
006350020
007002006

000000079
700080510
000000802
005008003
007006000
360971008
800000031
000000900
100290005

000600703
500092006
060000090
000050100
250800030
708103020
000080901
000000078
000007050

000070980
608000000
740050000
082004009
000000000
901006800
529060700
000000010
004508000

000000200
000905060
095104300
003200006
710000034
060010007
001000000
000597000
600000050

000509000
100000000
500700040
001008000
030406790
006970000
643090070
007300000
008000405

301000090
605042800
000000000
002000000
500106000
040030060
000050201
018900004
000420009

090000000
400060008
008001050
000804100
301520400
009003006
000000600
000000000
120908030

060000100
000083004
040100020
000700300
038000501
001006040
000310700
020000000
600070005

003004008
700050000
800607000
030016080
009500000
010003600
104080970
008049000
000300000

010000006
003025980
004090000
409000201
000060039
000080000
000000045
000000100
000042003

040090301
010000000
000007860
809000605
070800030
500001700
600000000
090073000
000018003

050009060
003000400
407031500
090070002
500062007
300010005
001043000
000000000
000500000

400020051
091007008
000940000
010760090
008012000
040090020
005006000
000000070
000400005

000046007
560039002
307000000
070002000
000000090
058000000
030250009
000090050
900470083

018000006
090067400
400000530
004000000
003005000
080000100
500700080
860009004
000031007

500904600
000006210
200000007
005000704
000012000
006000900
000601090
000008006
000070400

000006009
010000348
805400102
058000000
926000000
000090000
300260050
041038600
000000000

050000100
006000000
482000903
800000602
203064809
004000000
005000300
000093400
600020000

800000007
500060080
064270000
002800000
007004605
040023000
000010800
000507001
000000000

000000060
100900007
000000839
900000600
400018300
002000001
300000940
060370000
001024000

000340000
000705000
004061000
023670000
080010600
065000012
800000035
030000001
007804000

000007060
500000003
000425007
600000000
010090030
090604720
300500600
070900000
000002094

000609580
080030002
097050000
002000049
000500060
040006803
009000000
360008020
400000000

800030000
000009206
056000009
010257060
600300750
300600000
700001000
000020080
001700000

000000450
000000000
700000009
047300800
005000007
320090000
001500002
004708300
003004790

010000040
003071006
962005003
070000060
005002000
000609000
036000000
024103009
000500070

059000000
006528030
007000600
000006005
390000000
060010800
700060000
000705010
000100903

000030080
012000000
030002906
083090000
900050321
000000000
006900003
000023054
000084100

050900006
300806510
000000700
800607000
637519000
000003000
021000080
500000000
009001000

000000024
010002000
000000080
008060307
094700000
700010000
870040000
000081090
006003000

040000001
050009000
603507400
000000050
420000019
700250600
001024000
000030002
000900004

000000800
000145000
040203071
800000004
400027100
509300000
000000495
000078000
000901030

006270080
900030004
050400070
060000000
008005000
700040600
400900003
300080000
029000700

600093020
007000005
100060003
000000050
002000700
000200000
049020000
050100004
001540607

600100700
810007930
003000080
000000000
102000000
987001000
000003000
740002006
200900014

360090080
000002100
007000000
900107840
700000030
000280006
003060002
000000010
008300067

916500008
530700000
400000360
140960000
000800054
000103090
080000000
000371000
000050600

047000000
000010605
106000020
800003004
001508000
050020000
030082070
000460030
200001040

000500000
760100050
001008730
000890007
040300800
605001000
000040076
000000140
000600308

040000900
000400158
806009000
403050000
010000005
089340701
000500004
300000000
070000096

000000560
070000002
000500387
140000800
007000015
000200000
000037051
302610000
004000003

000400000
070090020
000000104
000003000
300640800
008200600
700860003
006002008
400300910

000500010
800001007
390002000
020000040
018000000
900400000
040023500
100900780
000050200

000703100
007040080
000180000
078004000
900032600
020000003
702000006
010000002
000070031

000000000
206700090
000000004
040500000
000360072
700098500
000900603
509082000
800007000

060320000
200760000
000000000
009000000
005246090
400000570
300500000
508002709
040090603

003000008
000000020
100047003
074010900
000700004
000020000
400000092
907003406
031000800

009014002
000000000
400000007
030051200
140200300
000630070
200000005
070090630
001060009

001000050
300000070
052070031
000000000
000349020
000012400
009000810
400001000
700020003

360001009
080000020
500900780
015000060
090000802
800000000
052016900
000000030
006080001

007003400
503000009
190208030
000104800
000000050
000500100
280900000
000000900
300007024

090007040
406250000
000060000
068015009
000006700
020400080
040001900
501080000
000600000

610007000
000010002
500030000
090000006
300002007
000000000
009600751
004079600
003025409

050003427
000000005
403000000
060000000
000040980
300900502
008000009
000302050
074000300

840009000
093008000
000600000
009700000
500400600
100030050
030000190
010806040
007000000

908000030
001040006
000080400
400000600
007000510
060709000
000070000
106003000
050600009

080900003
000600400
310850700
840010060
506000000
000000000
100000600
053409018
000030070

000900030
090050000
000163590
020308000
089000000
701092000
000070600
800030001
650000008

050934000
700050000
000006010
004010093
500300200
000400007
000060050
240007036
000001000

000000201
000006000
003190080
408900530
000062008
100400009
000008004
800500002
050003000

001000900
500000014
000620500
350000190
900060800
200000006
008000000
000018002
630000000

002080050
903400000
700000006
400005720
000078000
000900300
090750800
000009430
000060000

200910500
005200000
100040800
039000010
000000007
401000030
000000000
590000072
008003005

070000000
004800106
600700054
410003000
000000819
050000007
700000090
040000000
063080005

000000020
090000018
205600900
500860090
706100000
010070000
940000780
800000000
070090002

630500000
009000000
405090000
300600000
970004003
006080400
780000904
000100006
000740500

000065002
020009700
006000015
000780000
200000800
300001000
091030000
800007000
630820090

001000003
004103000
000000000
045030001
307000802
000204000
060010700
003500020
010020385

090200000
000706400
000000005
640003000
058060037
703000900
200305604
004000800
000420003

000000000
070000009
610300800
020060000
109800360
300190000
006000130
500002000
080501000

570600080
001050007
600910020
087030000
000090005
000000060
090000006
006072013
010000000

300002000
000000800
806093070
000620100
600300049
010079080
007010002
000008090
000000000

010309000
000060070
308102000
000000000
006080023
030000015
081030590
093805102
020000000

009000030
403000182
001000500
845200300
000000000
090100040
000010000
000008650
624500090

000008000
800000300
000700200
780913000
026500800
003006050
300000062
900200500
070000109

001002008
000000000
720000000
040020080
010749000
009001500
000005840
004090002
030018900

000700400
004060005
000210000
600080140
090000700
000051000
009000080
400076000
028000010

500238000
080590000
000040020
000000200
014300050
093004000
001600000
060010403
020080000

701000460
004000037
050000000
076000000
000005001
000020309
200790005
000002090
040000203

051090000
000000000
000007600
009605804
400070000
000800900
016403570
070980310
008000090

000080610
000005002
050030000
003070000
000000500
007461000
005007000
760200100
020000806

080001030
030050008
902007000
800200053
000000000
000000021
210304070
070000084
500009100

028003010
510080090
000090002
030000000
000002003
000000700
800070400
700400901
001000020

000038050
700004000
000000070
040050630
001000800
097406001
000000000
056001400
010500093

800000007
030267901
000400600
000001403
006009000
000700000
001000006
000906300
009080000

020000703
300400001
960000004
000001000
000027340
000090000
000900000
670003010
010208960

002010000
000708010
039005008
008050069
000000002
003100000
000000090
600003000
057026000

000000006
040067200
003000050
006002473
000000090
000034600
000705900
000000025
074021000

074003000
658004000
000000000
009002000
023000050
000047230
805200049
002630080
000008000

000050004
002700000
000000010
004200000
539871000
080400000
000010409
003908100
008004730

600200000
090000103
010600700
070005009
000000002
460000000
045796000
327040000
000001000

003000500
002600100
890050000
060000080
409000000
080002960
608009031
004080000
100005020

010005086
039800140
500000000
000400001
000000079
007300000
180000000
000504008
603100000

000000000
002000600
000000073
600040100
030007450
070016002
063050000
200700800
105304000

900400608
704008090
000600020
023006001
000800000
000002000
008300006
490000010
006000007

000030009
020100050
400009080
800020000
936500040
000000510
200000000
000004063
008000000

070040000
060580100
850037006
510090000
000000507
000000004
980300000
000000403
100900085

000500000
071000003
500090000
905107000
006000040
200000100
090000007
400060309
060700024

000000309
060400028
208300000
500000000
039002007
070800040
400000003
706000090
000900064

800000930
049600200
000003700
005008000
090000000
200005000
020007008
508040002
000050306

503800000
000600780
600000090
000000800
004050001
001000000
006005300
005309004
090014000

830000000
010600500
060000108
000020000
000400006
000010435
009000000
003580009
102304000

080362000
060047000
007000000
002001000
000083700
005000900
016008070
000500102
000000406

053000008
600000000
090020000
301040029
000060000
075001040
020930005
036400010
004602000

007900010
020060508
530000070
009806700
070000060
000000001
700000000
050003000
060075900

000000080
890003000
630900201
000000000
050020007
000097006
205010000
900078002
010006050

009740300
410000008
570203001
080170003
000305000
000002100
000000040
100009005
000400000

098000060
400500300
500000094
000700681
007005003
060000900
000034709
000000000
003178000

080020059
000000384
000009000
000000600
740500038
050000020
530680092
004000000
078200060

000000040
006030001
300207080
100000002
058000000
004003016
005006003
003000000
812000405

100002078
700819020
004070000
070200400
000700260
260081000
000000000
901000003
000000009

000070000
800000500
000000300
100060000
005003008
020000137
010732050
050400700
230080060

000700000
800001030
010932004
000010200
100000050
030020080
400500003
020007000
000080700

001400000
549200800
062008700
080506002
000710400
006002000
090600050
005000000
007004009

029000106
000001400
003000052
000000908
000060000
200030040
360000010
500049080
010000000

040800302
908000004
020000900
010000060
000300840
800000207
400001600
607043009
030000000

005090004
100008009
820041050
000809600
008005030
506020400
000003000
040000000
000000820

030098005
000700004
009051000
570000000
000000000
000005230
028000100
700010000
104370009

608000043
003000000
500000000
009608100
104003020
000020000
000054006
205306008
000002950

300001098
000008200
000020010
050002100
000005000
008790003
004800000
030070501
820100000

000900500
100007000
004003296
300000000
000032600
026500009
000020050
070000100
050091000

000900036
000800000
040620970
080090347
600040001
002030000
030000692
020000003
800000000

300420500
007009420
050001000
760000000
409000703
000000000
006000000
010567000
500204090

072000083
003400000
105006700
000000028
000201005
000080000
038000040
000065000
607003200

370062080
814000200
000004000
100000003
002000000
000000100
407500600
030087020
500600018

000200000
063010500
097000000
010540900
004000070
000163400
600900000
070000050
900700120

006003200
000000000
009614000
012005000
490002000
300040000
070000960
054000107
061027034

100030800
506010000
702000360
000000024
020000100
300000600
200000000
040300017
075008230

500010302
200000100
740003050
062300000
000004070
000500001
009000030
670000000
100000064

000900100
078050003
600001200
000080050
790000000
012000000
200073000
000810000
386500000

700064000
002010950
504900068
000000000
068000100
007002000
000290507
006080009
000070400

400910030
860000000
000356004
000000000
020100090
504090003
302400600
006000100
910000000

072006004
930002000
400000609
000804030
005000406
000003980
004000000
250070000
060000500

000000009
040209003
200740061
001900000
000300000
400020070
690000010
050400200
002105000

000000804
009000257
025400900
408320006
000076000
000000000
000543000
690080000
300200008

810000050
002405001
040000000
000860012
080000000
000000000
000004000
900120860
120039004

060405000
010000054
000010803
200000000
040000307
850700000
405000612
000000000
170300040

040030000
207008005
908020030
002000000
003001000
000540000
001080240
000193507
009000800

730000800
000100400
068000020
006400300
000390100
000060007
002680090
080007000
000020030

500300012
860000000
070000300
000000004
000004200
180000006
000403000
600025070
050000008

000000004
000080600
050479800
000000209
000648005
043005000
000000070
064900030
000020408

020007008
000060000
046082005
003140000
000000503
085000201
004071000
060003870
000004006

600085100
004000000
500701020
400200006
085070000
000000000
900510000
070006004
108002600

030000002
000085006
000000050
000050080
000600097
200003005
003260409
004300000
092070600

060080000
507400180
001700090
008000030
300050009
040807000
000000010
000000005
900004006

000400080
000000000
000008003
807001004
005370000
900200000
040800005
021950007
009000120

400700000
000000052
000000360
080007006
160083000
000004800
002000005
050010038
000200400

004907803
300010604
010040000
005080007
901003000
030005000
009000400
500000000
870060000

500700000
000090005
007010960
000031470
300940000
000005000
003600090
600070030
000000580

000400030
219003800
000500002
000000005
180000009
000065100
040000008
020000060
600009400

700095001
100006050
050004300
000000000
045060027
670000090
000300004
000000000
906200000

807300001
043900050
005000000
600000000
081009000
009610004
070000003
090860000
000104580

600040500
208009060
070300000
003000080
000000075
000578002
560092800
400080000
000000040

000000000
050069703
004050600
068900207
009830405
500027038
000000300
900300000
400000080

000080000
009040076
000700024
300020089
000093000
090000760
030004090
000070610
000008002

000000030
800510000
000000000
090070003
350090800
061208000
007001209
006020010
100700500

100067205
070050019
630000070
000005000
001076020
800002907
006000000
000000100
000000850

002004008
046005000
000000091
020008000
458600002
607040100
000000000
004200970
819000000

010030250
000000000
000900608
000590070
000012389
000300002
260058907
000060005
700200000

000007604
001046790
600200000
950000000
407000180
020580000
000000010
000060200
002050400

500090074
010070000
800002600
007108005
000000060
050009001
600000500
000027010
004080000

007006000
050000021
610200005
080003000
705090000
006005080
000000160
028100037
000000000

000000029
900000507
002000130
627005003
300000000
500080006
000500040
204090060
175620000

000090007
040000000
000060485
408003609
230059000
076008020
000004900
000020800
320000000

040200000
000409205
000030000
300040009
006000000
000900106
009054020
030601504
005320700

500300009
007000008
030020001
060000090
070800000
800006002
000005000
001000700
905017026

940005070
005004000
000680010
004021007
600007005
007040200
860050000
000000800
009400000

106025370
070000500
002039010
000906200
200040000
000052096
001060000
003490000
000000040

001040075
080000000
037059120
100204000
400090007
000000000
000080000
300570009
000400300

000001000
000040750
000030800
064103000
050080007
000450300
800010509
030064000
007009004

407000080
305600000
600540300
000038000
000000001
000700000
060005010
094000800
071000094

020000400
010058000
000703901
050480000
200000000
000031000
000100300
009000000
048009570

080000000
029006000
600890300
006000003
590027000
000080670
265074000
000009705
000030000

600000020
900100000
000003000
004007602
000305910
070000000
001902300
030070060
720004090

207050390
800700060
650040000
000005000
000200070
000936004
000007039
009020700
400000052

170000000
080060000
000000480
200000008
300009000
408071029
030600000
006000904
901038062

000006000
000089005
046000000
250008001
360020000
000000000
190200506
083040012
020000000

000950007
000000026
000007508
300006000
017093000
500800010
000001000
001200090
005670000

700009008
052400000
930600420
000073000
600900050
000000397
005000000
008046000
000000062

780006000
000000000
000039000
628000030
900300002
100004006
390000008
204900007
071200040

760000200
000009461
200010300
000504603
300600000
520701000
000000090
050000000
070940005

809005074
020000003
500000809
200100000
000702000
001080000
010007000
304890007
005004000

020000003
970301800
600008001
000000000
001000760
007060530
000600080
200000000
309700020

603070108
500800000
002019306
106080700
070020809
800090000
000000907
000300200
000060000

006002000
020004870
005701400
400030001
807005006
000600000
054200003
000008000
000140600

700000300
050890000
008600210
007900008
013070000
000000600
000030000
500060100
001000503

000010000
400000020
000805003
300720000
000090040
050001000
020400017
030000009
870000300

000000006
000007000
800090700
210043060
007001000
406029000
690000000
004008001
100300027

000000000
024090050
000502000
000000100
870600020
501009800
089200600
002005047
007004010

050000000
007600108
080210007
800000209
291000083
000000000
006809050
003000006
000000971

000042000
000008300
050000000
000400100
300205070
004090083
709010004
500000908
830000010

000007030
050610007
060480090
000001060
000700804
000000000
034000506
800000000
007805903

080604070
400300006
000010300
050800400
037005000
120030600
000000000
070500040
605000000

000036000
500000006
030459000
000760082
040093000
600200000
000002003
000000809
024370500

004205000
820000300
057410002
000006800
006500400
000070000
000162050
060000030
000304700

089600010
100020000
500000000
020800006
000200007
305190000
006030900
001080700
037000008

000000000
004500000
100907000
001704009
030060010
050300040
000038007
003000690
700600405

000040030
000530070
000007901
098060400
000410080
410000700
000600500
009003000
000085100

000002000
000000840
000060000
720009004
100030070
004076000
090003201
030008000
802004360

800700090
040002300
200600000
072000800
000940006
000800050
005080002
000003000
000460030

400009200
007000001
000010007
600570120
000000700
093400000
030056000
009000012
000200600

900000602
000000010
000810003
000360020
408059000
003008100
000230465
000004000
006000008

000080007
080000310
090004000
000030280
000200105
001000039
004010900
009850070
010903020

900000507
701003008
003085010
000000290
010004005
000100080
002870400
070040000
000000000

005070003
300005082
000003000
790000630
008000005
050890017
000720000
000000100
230900000

000007800
000600000
040001002
060080023
000000000
000500706
000008010
050000007
028410050

840967005
050400001
706000000
025009800
609801000
000056000
000070000
100005008
000084700

047200800
000090057
350000020
000005000
080400036
000008700
800000000
020300069
000004200

300600000
000097050
000000673
000053910
000400560
000010200
050709000
100040000
003005000

000007000
007002500
690050000
506003000
009000010
321000000
105026007
000940005
000030041

005006090
009001002
370080016
000010000
801020005
000005000
000000030
708000061
016030020

000109060
000740580
400508019
080000000
900000007
007060000
705000400
000900100
602800070

083100029
000007006
000000100
000000000
600075890
009200603
000050007
301000508
800020001

100003050
400008901
780000003
000006009
859070000
006100035
000600007
000000080
000400010

001000040
600000070
002000900
000900080
040615000
007840205
920001706
005060109
000000050

709800105
000000000
000500700
002130040
034008050
100005090
901000470
007000018
300000900

000900005
200001000
090086200
000009600
004003100
908500003
020000400
005400000
000600090

070002400
001900870
904100025
000000000
105390000
700815000
010000000
400501000
309470000

008000040
400090007
000000200
004002001
790000008
000060700
610720900
007000800
000010003

009000000
000002000
005009061
000000005
100800203
020000694
001905000
003020056
000180400

108000000
420086000
000004000
005000070
907008020
800060040
050002090
200071054
000400008

000920003
000300004
070400560
205000070
700080002
000000300
000000098
800635000
400000200

020000730
000000042
000008500
306084200
051007000
082160000
100000004
000000806
000006350

400270050
000400070
560000000
040300006
030700000
008009540
009524000
200006000
080000000

003680001
000010780
005007000
607000002
000000100
000000005
006700029
809025360
000900500

805900000
200400030
070000000
001000040
030500000
009031075
000040000
703250000
042007009

000042800
040700001
000008005
000901384
000070500
009000020
480500000
000000702
095017030

004390807
009080100
030000000
400000000
070052000
015000083
003040010
900008000
250903000

000007000
005080000
070050000
200079600
900005003
000063509
697020005
000000280
004000906

003650082
008003005
210008000
540070600
060010070
001800040
000000000
000405000
000020006

040028000
000570000
300000060
090200005
000065300
000000082
008000270
900840000
700090003

419000520
005000004
000000000
600700100
200090040
040005607
000000870
980004006
102000000

000832000
003000007
090500000
000001000
005280000
020905700
430000200
050009000
070008591

000050007
000009000
038072000
001023590
050000082
300000000
685700000
000000700
290005130

010020000
096100200
000005906
070800000
063210800
000006000
300000090
050060008
020703100

006070004
000108069
048600007
400000500
000000280
670000040
000805000
000000000
710490000

007000030
000760500
030000000
000020049
476500200
090000100
000014000
300070906
500006300

100600000
000100506
000020000
000200380
007400000
600370100
000040001
008700050
072803000

029048300
000709000
080100004
030084002
002090040
000070001
010400000
046030000
008006000

002400003
594010000
300070050
003001000
259000000
070000000
600005007
000200409
000006100

010080000
000200083
000004900
000100000
934000000
500040700
208050000
700923500
000870400

003029080
000000003
705080409
500300010
300010078
800400000
000040200
200000050
010000000

856203000
003000000
100007000
020074006
000030000
705106300
000801000
200000008
680050070

000053108
000801040
103000090
900030700
007400321
020780004
400000000
000000000
050200000

005000900
008041200
060209000
001400006
800630000
000000000
203904850
000000000
040150000

038000006
020450000
000206004
003070090
700940503
000800000
000000038
689000007
000000000

750000013
000000000
001074000
005000000
000360502
030820400
008000000
020031000
000500204

700000159
000000000
210800000
150004002
002108700
000007903
000000500
590070300
000400008

000000008
003010000
700605010
000480000
270000000
000700560
062003000
000250400
800040630

060000200
100043000
370050000
090100070
600024501
010000000
200430060
000000090
030600000

102009000
050007009
000001007
000040000
030000010
020070403
093050080
047800002
008030040

900002050
043600000
802000300
500300409
000700803
004800060
060009007
090000000
000000030

003000570
000154008
000000040
057400090
040300100
100009002
000097000
000008700
009003000

060000405
409000000
001600009
050001300
000004250
900006100
000900002
070300000
300000001

000000000
000060701
309087000
060000384
103000000
040000600
000000097
601000040
480009020

000000036
600020400
000450807
040037600
060104002
085600700
200000000
030000540
000000000

304090000
902500406
006000000
603741200
200060000
500009000
000037090
030400000
000020010

200004050
000380000
840760000
000020940
000000006
080006027
030000209
000008374
000090000

004203709
000040800
200096000
073600000
400000600
000305000
000080470
000400200
000037050

080006000
000500090
000000000
703010000
000005600
006308010
009002501
350080206
070000089

000090007
400007050
850000000
090006000
603000001
700039006
000050040
900008000
186004000

040108006
190000080
200060030
060001000
800000000
000030000
020400010
980502300
010003890

056700000
000080203
800050000
000000300
100003700
000190000
205800000
980300010
017005020

006001200
079600008
180700000
065000000
000000509
290400060
840000005
001000080
007006420

600000035
000000400
040023800
025000000
007030080
800000709
200000004
560008002
009007000

250000000
734005600
006000000
400062008
500000200
370500000
600003080
000028009
000070050

001000000
080007100
700801546
400009007
017000000
000000090
050006003
360000700
000040081

090704000
020105000
000000000
070060005
140000006
500000300
060400019
900003460
700020050

060080400
010600007
008400000
400102800
090008005
100790000
000004000
700000010
000805600

000010609
071600020
000080014
910000006
500000400
002000900
040700800
000509000
020004000

010900860
800207005
000004070
001090000
007500000
500002007
209000080
600000000
080006024

300980000
057036000
090500060
030000806
006050200
800000900
600000720
020004305
005003000

000007001
000000005
091050000
000100006
700003018
080009340
900080004
046000050
308700000

000090702
005000060
960004000
297003006
010000000
304000000
400506003
000000005
002700190

030000085
501007060
070026010
106040000
087200001
003000020
000080004
000005000
060000007

000000002
010306400
000000507
900000000
005002000
000004075
350000000
024700610
069030200

000000800
400307100
607010000
300504000
000000030
000600700
040008006
206073010
805200007

700000030
210070040
309000620
000000000
000490002
000105000
045002009
600050000
000009760

801007060
002001008
000090700
200900080
070000050
104200000
050000400
007000100
900400000

000010003
030000040
700800910
308400705
020000030
000090100
007004050
000900007
000700890

007900305
030006049
000000700
005000000
001000050
400058090
804603070
700001060
000409003

200700000
000104008
058306041
000000800
007000060
000000015
600003000
080007200
010800056

006000000
000460000
000078102
001036287
000780009
090002400
062300000
000019700
000007000

900000027
000000003
000100000
050370001
021506004
790020600
010290000
000000050
002030700

007000610
080000070
030000090
000010800
705903100
000057040
803609000
051000000
004100000

807000000
900400008
040000370
009306050
570004900
020007000
030000206
000803009
200000000

050040020
020005000
000007008
000000090
680000004
709000502
845069070
100000600
000701040

006000005
000000800
280000796
600510008
170400000
040000600
000000000
009000400
005062079

008000000
503009040
000170009
000400000
951000006
086050000
030004090
004700013
100000600

080430010
140200037
007006800
070000000
620000000
000000600
300005000
050080040
000302070

904270000
010405070
570000209
700000095
000700600
090100430
460030050
050000002
003000000

000000004
930007000
000100350
504972000
001000025
600000900
400000096
000005200
019000003

000792000
000000092
100043000
000005064
000169500
007000000
003001600
070000000
602000130

842006000
001000070
006108500
000030020
100000000
075000000
020004600
400803000
000500080

405006000
010000040
030070056
090700035
000000607
000905400
603000000
074001002
900020000

070000800
053701006
860490000
000006047
000000300
907100050
000000900
000000010
001507060

309000000
007090080
004050670
900000508
000000023
006000040
600000000
002004000
070306204

020800010
047003000
105000043
000076000
000004000
030500000
050020007
300000056
002007830

009000010
000500000
001600000
000030090
200900008
000700632
070000005
038051700
006007080

000004250
000080000
607010800
380001020
000000080
200008316
500046007
030720400
000000000

000000600
000009538
083200000
800461000
090003010
000000000
000000020
004900005
000506980

067050040
015068000
308000700
500000000
174005803
000003054
000080090
000030000
000004007

000500004
708000000
020000010
091050000
000910078
400006000
604008701
000000000
012094000

000000090
080069000
000000001
000070000
395102008
060050000
900003100
620700085
800001079

006200100
010040006
000100490
400600023
030000570
005020009
000300000
063010000
000706200

027801400
008650200
000002070
000000000
000014082
006000000
075000800
901000560
060700010

020900106
000630000
900000000
700000200
500090003
000260815
080100090
001000500
039000060

960000000
000309050
002001000
000500090
000280403
084030000
200600019
000003000
518000000

000006000
040000000
900010000
030068004
006040103
089100007
003007400
500009306
607000098

000204000
019000020
005090080
070040000
000301000
000087050
420015003
050000000
700000094

000090160
000500000
800001002
500060043
040000081
002089600
000050400
400032000
600900000

302000000
000060700
070050430
006007000
000008020
403002001
000010608
000000543
040000000

604000005
003060720
007000000
078504390
000206000
000000040
900700030
000003000
056000807

700080903
569300000
030000060
270000000
300700000
056800007
000509080
090206105
100000000

000083000
006290138
000401000
000000000
010704020
000000410
480000200
020000070
091060300

002093005
900000000
016520040
100800000
000000000
000032000
083406290
600200050
000008100

029800700
000091000
070000080
004006002
080000160
702000000
001009020
000548000
040060000

000000000
930000170
001000395
070000000
005043020
200500009
060000231
092000000
000470000

600000000
000000100
070300200
160080070
700641000
002070500
000030005
500008402
800150703

030000809
100400700
000000001
500000420
710000008
000097500
840005003
370001050
900000004

040000320
260017050
001004000
600000000
952000000
000120003
730000069
000000000
004006032

824000003
050080007
010000004
700106540
001805700
005300010
003500000
000000000
000020600

003000600
090070020
800003000
470000210
000002000
609000000
040780030
930600700
006014000

008000090
900040007
610900000
007012560
500600402
001000009
000008600
000001004
100009000

004109050
010000300
200300000
500028007
008000100
040000000
000070805
023000410
000004000

000000000
800260950
240310000
008900420
090500006
002000508
006000201
503000000
080000000

000040600
000075012
000200500
005030000
000607400
003000007
009023000
000960200
031000005

030007061
000000048
004000090
300000014
000120007
900800000
608000000
407000209
100000080

900001000
000240000
005000810
000094050
800603001
000800003
003006000
050020300
690500200

002100500
003600009
000009043
000061095
000540260
000000000
000000700
030250004
100706050

001003060
803700004
004105080
400008700
170000039
000000050
000000000
600807013
000000906

800000300
000070000
205000000
001305007
000900038
000000090
100503960
050007001
060280000

800609305
000040000
930000001
480006019
060000580
520000006
000002030
000095800
000010000

930070000
000065009
000000000
800130005
003500006
600080027
060000070
078092010
050001060

400020000
530000000
067000000
006040105
200070006
040038200
008700500
000002870
300000602

720030590
500000000
000400080
000900720
300250000
059070800
900000000
008001070
000000040

004159000
070000004
380042500
000000000
000000010
000300089
100900823
000010070
095020000

203090000
000000709
000600120
000001068
502008930
000000000
750000200
000070000
090080006

095000000
002500007
700000020
010007400
000000002
400005670
000089040
800000901
100000750

250009000
003800000
080006701
000195007
100000000
928000000
701500000
000000009
000060030

070020140
040000800
500800067
060010080
000000000
290000000
000000000
001709002
005004079

000300001
600017483
000000060
008001070
005700000
002008300
000002534
300060010
000000002

730209400
002000007
100076300
500040216
006502000
070000000
904000020
010000070
000400000

146000005
000000080
030000421
000050203
020070000
000016050
002000706
310000000
057041030

005000000
630070802
708090000
090620000
800000000
007400050
570000060
000004000
903800005

020006008
000000001
006304200
300640080
070000000
005000026
000503000
700010000
010470603

008200700
704000602
060400030
007802090
300740801
200090000
000106009
000000000
003000004

100000050
000470060
600020300
900200503
000900020
005700900
003600009
020040000
000050610

039002070
005003000
700900000
850006004
000000000
400000007
600250000
007060029
000080030

000002300
001000060
000060070
023009700
000080000
000003019
106008200
907300401
030070008

050900000
809530700
600700000
070000205
000000310
301002000
580000007
003200000
200007100

026800900
530600010
907005020
200530800
610702000
000010000
700000000
000000009
000050042

900030047
004052003
073000500
009070000
000000300
000800000
008400000
130500008
400090250

109040000
004290000
005000600
000030000
600701000
273000000
010302406
000006930
050400207

000200000
005063072
000041009
506120700
000300090
000004000
100000007
000006405
040050200

000000090
000000054
003050000
065002000
049306000
000004029
096040008
500020000
301080060

000080000
700000461
050400000
000007002
208001600
000030500
820040050
561000070
047000020

005027108
000080040
200510090
103000002
004000003
000000000
002150009
800900004
009870530

506700900
070000000
208000000
060000040
050020690
804000071
000000008
007010500
095608400

900407000
038901700
040020008
071004032
800003100
003016080
000000096
000000000
006002000

050810270
800900005
006000080
080100002
195000800
007000000
000000000
000006513
600002000

640009002
000006000
000030405
009050300
205070940
038600020
004260000
000040030
000805000

010235400
000006000
000001300
009060003
000000009
002500000
904008200
003100080
081002506

009000020
230000000
060700004
500000039
000000800
400370600
700600400
008200005
000098006

001000030
300000000
000800005
530006010
217000003
000000080
050203600
060580201
040700008

000800000
080000402
007300019
900601008
048002070
106407000
300009107
010003000
009000000

000260000
000000050
000000001
542000000
000070003
100004006
020050400
086037000
007600010

400000301
100027006
670000080
000050803
000000042
030008160
005000400
008300000
000680000

010009000
200030000
004120000
030090000
000061009
067204000
003010080
008700926
000980004

002081040
703500010
004300020
300865070
000070000
005003080
400000000
000700600
100002000

000060080
300700400
000008005
007050800
060004003
000000960
003470000
010000500
604530010

860500000
037010000
040700002
001080004
000000730
080000006
020054000
000030000
604002007

070820009
062000040
540007008
600400000
015790020
090060107
000000960
000002500
000000000

000600002
300000070
200100036
780000020
000040000
003720000
800050204
054000017
006000800

200000300
006080000
300000090
900260080
002108070
501370000
830020500
060810000
000000000

000010050
060000007
000000020
235800010
000070000
900005030
003090861
806003095
020000000

003019040
000500070
702340008
014200000
205490010
030070400
000000020
800000005
050000000

070000000
082000000
609034000
000000008
036000700
004070026
500060004
300007602
000090083

000105000
805000000
670000800
008000000
200006400
090070002
007000500
410200006
006090080

009005600
206004700
700000050
640800009
300020000
900000004
500000978
000000030
000078405

070000004
930456000
000080000
000001703
000060980
000005000
003000059
800340007
000000100

120039000
000000340
000000002
702601000
006900004
093040605
030007500
000000070
000000093

007300000
000004801
029010600
014708060
060000000
000009043
000800000
200690000
391000000

000010006
109000500
000670020
780000600
520000070
003000000
001850230
300700051
000000000

200000000
045300000
380009060
500080040
004610008
910200030
000490200
000005000
103000000

000827000
400060300
500090800
003004287
009080000
002030500
300000790
000000003
000006000

407009000
009000000
100000400
000302706
500600210
006050040
275000000
003007600
000004900

016000000
950030002
420006000
060050908
000000000
834000005
001009506
000085000
390000801

470309060
003000008
900040300
004000800
000007000
056000004
080050900
060000200
002908750

000800050
690000008
000000000
200040006
067980520
000007040
002001600
740000090
100054000

000000689
000000000
600097003
900075800
000000057
000400130
408050070
005063000
701004000

006050480
010004000
000309600
050000900
600100034
180000000
062000000
430901005
000800000

001000005
074050000
900004810
100300000
390402000
842009000
000000940
000000000
000010057

700510004
008004000
010000320
406025000
000600030
050000000
070042000
003001000
800000060

005072604
000060093
800000000
000000000
000603040
034590200
000000000
400800705
009050036

702000000
000070900
005000003
870650000
000004600
500003498
006300004
487002000
000005020

002000700
980006050
000920000
103005200
000009800
500000007
000010000
000002300
620807009

000105000
000900008
000460300
040850600
600000007
810079000
000000100
009703006
070500089

002010900
000080000
080600407
706000004
000006013
300002070
019030000
020000000
800020100

000006000
000040009
054080000
045000720
009600004
000030600
027000400
000002008
300005060

000120007
000000040
000000001
009400370
300000090
067030020
030510000
500046000
710900630

000000900
234000000
010504000
059162000
167090000
000000000
000200000
502910760
070006003

007000000
509030106
103406005
601000790
050000001
000600302
000000520
400001903
002000000

300170800
601804705
050600000
000000040
500000028
102000003
800000400
005000000
006230080

030000050
029000304
040050007
070000000
008000500
090700060
052409030
700006020
000380000

003071098
500000000
070000032
050000287
300000009
000907010
130500000
009000100
080010040

090465130
040000000
000100090
450001060
010030002
908000300
000900000
002018400
080020000

009000000
080506040
501000030
000800000
900700053
000063000
800010700
340900000
007050009

009053000
070400920
000000000
800000000
000000548
015200009
020070003
000000010
104000080

900001007
800000130
000035000
000356001
000000504
000700000
109547800
006080900
080000405

000605020
000020800
200007000
004030002
030000000
015700008
401000000
007156000
006800035

000000003
000080700
000095801
007000002
003200405
409000000
905024107
072800504
340500000

040030070
031640005
700000020
007090002
100500460
060002000
000000000
300010007
000009000

000500000
300000001
500267090
403000170
009000003
005409620
900001000
006900000
007000000

000000600
109007000
608204070
000000000
712000800
000000219
800079064
050000000
004000008

000060007
004000290
200000846
857000900
000090560
000000004
009600030
306200000
000059000

000806090
020050003
900030768
704000000
000000502
300000804
000380007
070002000
809500000

000000500
100503086
790060000
000004000
000000900
000801030
050000004
307010890
000375010

000002439
031000000
000605000
069000008
420001300
000049025
546008000
080000000
302000000

309000000
000000000
000578000
605301000
013060050
000007000
070206109
080100000
000080206

004290003
010080000
000003001
000008000
090560000
160042900
600000050
020050100
480000020

004523000
001094200
000000005
103047000
400205010
090000007
500001900
000000000
079460000

009003060
007900005
100002309
000008200
000600051
300000000
000000003
805096000
210700080

002000760
100000000
030000000
790200000
080039050
056070080
820700000
000082003
903500000

800040260
000000030
209000040
002008900
105000000
000050000
000001500
600890000
041502093

000000704
000020003
000805010
060000800
200301006
000407000
000004100
000200048
450070630

050000008
900200000
402006000
008709000
100020500
006000290
020170000
004000000
719048000

004000032
000006040
000580760
001065870
008040000
070020005
107000006
280000300
005000000

000100000
000000090
030000482
004920000
807006023
020801000
940000000
008600700
000000601

800020003
000490010
000037200
001000705
000000040
005300009
078910400
000000070
902040508

090001040
007000000
000000300
400300170
100009000
006702008
000060080
083900701
010083000

000000000
000005006
000000700
002300047
900408005
340200000
830094000
500802604
006030089

060050030
000600894
801000060
090530010
008001000
007000000
000000300
054000670
010007008

003600002
900000000
200000409
000000085
000040720
080253006
000406070
000098500
000070008

053607002
000080740
000003000
480900000
906800000
000000200
090050080
340000000
205400000

000050030
000100090
080000000
250490061
008001500
000600803
500086010
004000050
690040002

000001700
001030060
006000040
035004000
027159003
194000000
009000000
002500104
000260000

060000000
000001000
003000600
400130700
100000080
000008350
710502008
000680000
520004060

904203680
500000009
600004103
000400032
009060050
000009000
000020001
005130000
206000000

703052000
008000200
200070000
002090840
300040900
005000137
470000000
000180300
000020090

400005000
705000201
300000607
007058030
010670080
000041000
500000400
000004560
000000072

806100000
100200003
000060000
930020006
000000400
020780900
087090000
009430070
400000100

005000002
260000800
104807006
058000001
702300000
000045000
506714200
030000000
400000000

002500003
070080000
460003100
306000200
000100070
090000080
000000740
000327000
000800000

038100007
000004080
004000090
009000000
001500006
073906140
000000070
500008009
907000010

000000000
620009087
700000502
005000370
200100006
090003108
100300060
000002000
050900000

012000030
080027510
000000000
008000305
030074102
700900400
004000000
190003000
050000200

004507009
000048000
130000000
800309040
200080030
750000002
500000900
082000000
000054000

000604007
000009020
030000054
004987003
076030000
000000000
007000869
002000000
500700400

010000000
045078009
007500000
080030000
000001390
760804000
008006500
900000081
050000007

067000208
000003000
004000090
086000003
230000800
000000040
000980001
071000300
000002600

807020090
640850000
010900070
000170042
000000007
100005069
000760000
000200000
064000010

600010007
000000600
000070040
087056400
000490800
054703000
001000003
009030000
706000951

500400360
006000027
300017040
095000010
010020005
700000000
001000050
020090006
000100092

000000506
005004000
000000749
006003071
900000008
080000600
700015863
400086910
000007000

204703050
030600008
007800000
000087000
050000080
000005000
000034029
090500306
020000040

703008501
084910000
000003800
000500300
030000010
090020000
405002070
000070000
900400000

000408102
002600080
030700046
476500010
000020003
008007500
760000000
000000070
005000000

000000270
800000510
000000000
090240703
180709000
000000000
004000820
070900005
002005940

016045080
000006900
000703004
060030000
000000743
000001000
000004008
005008176
709000000

070060090
000105070
000004050
005000007
800007301
096000580
009080000
031050000
000040000

076300040
000000001
400000020
308072650
000400000
000080170
000800060
000003205
000067800

800029006
000050000
002704300
000005040
004000000
200006080
070000000
493000002
600370800

000002083
000087006
039061400
020046000
600008000
001003000
003009020
018000030
940000000

072390000
054000009
100000670
905024010
000050000
000107000
007460090
301005000
000030000

960301200
042006010
010000007
008093000
000100002
000070000
200004083
090080000
006002900

000000006
800500000
002007050
100000090
009080000
070090261
005020670
480000009
600009800

080004017
504003000
070000060
000010050
000027000
010300008
400200300
000000001
200000074

503040000
000007012
008036000
000060004
000000030
360000000
600002173
100400065
000008400

001069020
000050000
007210000
000003009
000000060
500000740
000000056
700000001
410520003

700100920
000070006
908200140
000000000
000501060
000460078
500800094
000904600
100000000

067100000
058000070
000000000
000400009
540690820
000027051
200080000
009000000
081040200

030706400
610000053
004000002
000080700
020000000
300050010
003010004
100300000
080240000

000040000
000000092
000600800
640010200
000050004
800003506
000000040
500931600
000000913

000008003
014050200
000100060
800005007
700000000
000000058
600002000
400083701
003400000

005038000
070000000
100020807
209040500
000000400
000572000
700005009
000100200
003080000

069008000
050200000
300410000
020005008
000800000
030000000
018040030
000001095
095320600

900000640
000860000
000003000
340009081
780006500
091070460
010000000
000400000
000500930

054080703
001002040
230070000
800310000
000704000
010000000
020000061
000108007
000050800

040000200
007600003
308000000
635027000
000001000
084300000
000052070
500030000
000410005

065001800
149700000
030409005
000056030
000000680
000010000
070000063
380004900
000000500

000003045
060700000
000060010
080019060
540800000
000047003
000071000
000000531
000380009

000038000
400000005
216000000
008572040
072000080
000000000
300100060
005200070
000054001

002050000
008004060
040000080
061020400
000000100
090000056
020000900
900805000
007060041

104005009
000470000
950003064
000000900
060000000
030006050
000708000
790100508
400060000

008690070
001207500
300510080
020000800
000700360
000000002
800000010
067000050
009030000

050000302
000000045
000000910
090570008
420000501
000000090
070040080
580700400
940010003

020007650
000000007
000000200
000004023
800700005
010000040
041830000
305006008
002050006

006020805
407003000
000940000
000600008
720000060
000400052
000000090
064090000
080037000

901000043
000000000
006703100
000000500
000300080
089600017
000004300
103800096
097000004

000204050
000068000
008000740
609400300
080305009
057000400
000002500
004900060
000670090

090100000
007000000
000005600
000600040
405901700
180200000
240000006
000004059
506009001

948000700
070009005
006000000
000301800
030004061
600070400
000000000
103000586
850000007

000500900
001000080
097020003
103000070
020000001
700003002
000001009
000000650
589000030

000410000
000700436
060000090
090080300
000000875
030500910
009370000
170000040
000005000

341000000
000904080
000003000
604800000
080067300
090010000
000000705
450600000
006070000

000300068
000900000
000002509
900040002
020006010
406800093
000008000
190235000
000000105

000308000
000042080
000070203
001000605
402001000
060007802
000120500
000000378
004006000

300080090
180050400
000904005
000000000
032048000
000095368
053000000
000060004
021000030

000000900
109006700
000053000
000200096
510000008
200030000
802060030
300082060
000007001

000009100
050000030
200000500
000000060
901800200
000900050
003025006
040003020
000196040

109058000
500013020
000700000
900102000
000030000
002086050
060009302
000000000
201800079

000000290
800400001
005000600
920060840
007800002
000009750
004600500
000050000
000274000

308000060
025000000
600200503
000061320
000007000
700000604
000000050
251006000
003400200

308092600
010840029
040000030
006001008
000060000
003908002
000084300
000230080
000509000

000000080
905083070
000971300
700000005
003057002
000000010
030000006
100290000
000035900

060700300
020000000
137900806
900000000
016080730
000016009
500070900
008000600
071000005

032000400
800000003
050010060
006000075
000700120
470000000
700102008
040000507
180005000

030000002
058030000
410600000
000000704
006000028
000000361
840000203
005370600
000450000

000010008
000430700
560090000
400000810
630000000
900040005
050000089
000001300
890700006

076004000
020000000
000025003
000900000
000050604
013046000
094700016
000590000
100000200

050000041
000039800
870506000
001003000
900080007
005600094
000300000
000005008
000048003

000106920
060090000
001005000
980002600
000000071
000050200
000067090
000500003
010200860

000000007
008090000
460050000
300008400
005130000
000604700
090080000
004703100
107000000

002300007
810020000
400057809
000002030
009000418
000000900
504978000
000000500
000000004

010000070
030008010
607300009
800000903
000200001
000060280
009100000
100000008
020000064

000500003
530028100
008901050
000000080
010800040
000070000
002090300
090003004
700450009

240007000
107800000
050034000
305900000
080005010
000200003
009001870
400500000
000003020

704190008
080200040
060080000
006002000
090405070
800010000
207000010
001740000
000500000

052009000
300068090
008005016
000000300
000000000
025180000
003000004
000000860
014006059

060040090
040061200
000802000
000000714
017006005
500000000
000054060
000027000
200000100

040000003
006050780
008000010
003000500
005800000
061000030
954036007
800004309
000000000

000004005
000000608
061300000
000080004
080059100
000400900
036800040
000070009
000100530

004000803
250000600
078020500
000005000
400000900
000003705
030680090
002300008
000940000

000920004
050007200
040805700
800000000
790608050
020070000
530004698
460000000
009000000

000380004
048000007
060000520
003000000
000005160
820060000
180000205
006007000
000030700

080740010
000050042
590006007
800000000
010000800
000280001
470001008
000000000
602900000

001003000
905060020
400500060
090100700
000039000
000700500
204301009
000070200
000040107

009000002
310097005
040625030
035019027
000030000
020000500
090000000
050300040
007000000

700005000
000720000
000093012
000000000
031040000
670500003
540010309
920006400
000030000

007900000
350800001
000500300
002000080
094000005
000000037
009310720
000004008
040058000

000005300
000670100
800209000
000980000
000020790
007503000
096000230
000008050
070000910

000030000
090000042
000700009
060000400
000067091
751004300
000200500
570016004
004000010

091000700
027030089
000500060
000015000
109000502
270000600
000000100
008007006
030020008

000070054
000003090
004001702
090200000
000000005
810900000
900007000
307000008
480100000

076000000
800300067
001000200
000000050
109020000
060009830
080006000
000000015
507000003

026009000
000000804
000807900
004000205
030000006
005036070
000000000
508000300
763008009

040010000
005000047
610050000
032061050
109200700
070400000
000000200
000000009
000002360

070030406
023001008
001600900
002060000
000007600
000004000
200800001
009000320
016400070

008000079
050000000
000000200
102500000
000290610
005803000
610000008
070600050
000007301

060050004
107900008
000600030
430005100
009000070
010008005
000000000
050003010
000074003

700000540
000060000
815000000
000000904
904806000
007002800
100000700
072500008
409000000

090000400
020060030
008000000
000002500
001000008
000095203
034051690
000000040
819000000

000070408
007009060
204060300
450000029
000000000
090000800
000003900
300805070
005746030

090402005
010000000
000000210
043090500
600000740
000000000
169000050
500007920
370000006

002050800
030001050
000000000
500100930
700008040
400307200
008920000
040000100
900005003

000070000
005300001
700005000
000100600
082000000
000000312
504030760
007460005
063700800

050090000
804700000
900000000
000300080
200000509
008049320
009056200
500080006
060003070

804003172
000000000
390201000
000000709
000700280
000030040
000002435
000000900
500814000

004870000
000003100
210400000
070000200
030000916
000006040
000047000
720160000
003900600

028306070
700000002
000100900
004000701
203000000
000000006
000001827
600000000
070002409

040600000
000070090
283090000
400002037
002010400
000760008
960000020
000000000
800300000

007093060
000080000
000000000
623400090
070000004
004170000
008061009
400002087
001007600

007000400
000001002
009000000
700006000
030207061
064010900
206000750
590003006
003000000

000830000
308200760
900000080
000007000
431000600
006400010
000700800
014000000
000180024

200300001
608020300
000009000
080400000
094100702
000000006
020000000
100090000
000670013

000000020
950007000
402000061
020500103
301000046
000000000
103000009
000005007
000042010

005702600
000000040
009405010
904000006
000960074
030000102
000010000
510006000
007500000

005070000
027040060
040005320
070000000
080000435
200000000
350002700
060700018
002006000

000000358
006005002
000039704
000080000
000902005
300060209
400026007
000000000
580007003

900002800
400007001
280000430
004020000
800109040
000700002
000070920
000986007
000000100

700000200
000108040
400090005
904500107
010040500
802030000
000000000
000012709
070000402

000801000
000400509
008620040
406200010
005000007
020079600
000000400
509000006
600000001

500094000
000001300
006000004
000000005
020003400
054000080
400000008
108620009
000800002

000000508
008600200
600000040
000010000
000506000
030004070
000060014
050301020
042007005

070306000
090157008
005000000
007003502
000800000
201590000
000020003
700000081
030908000

501060837
078200000
906000010
050080079
000000368
000023001
005000003
000009000
010000005

007004802
900002716
000160009
000000400
000003600
023400000
000000980
000000000
080916003

000500700
000000000
160070000
000000591
800003000
000905030
009700106
030004078
040000003

000310000
208790310
000052000
060003700
502070100
090000008
000280000
801009000
070001006

020000400
400500030
000000007
500030000
080060203
104000800
000205084
000070020
007003010

400007039
020010000
008400005
500900180
040200700
000800004
070003500
001000000
000100000

000030480
000009000
009400530
000004200
000305000
000060018
030010840
100000090
048026050

000090027
002750190
001002030
090000000
805300000
107209008
009100003
400000000
010980000

150420030
600093057
009006400
000000003
001030000
000060200
040010000
900000720
760000504

970050000
000004002
000030900
000160540
000000000
000047300
730601020
509000010
040300060

000043690
502900010
000005000
000000004
000000806
030000000
340008100
010000209
600004030

900000050
070000000
003004021
097100000
308405000
001030009
000000045
009320000
002000080

300000401
080240000
009005000
000907000
908000073
001000058
000100080
570000200
000030090

001000030
820030064
000006015
000080000
406500000
000000003
043008050
002004006
670005080

905008000
400010900
080060000
256000801
090040000
100000060
000002480
000100007
700009000

000650900
001407000
200000030
009000000
006000000
700500104
010900000
607304005
400015206

000000050
053680070
271000060
102800000
000000000
900007002
700000003
000751080
000009001

000030008
006000710
080000405
207500000
001040000
000360001
050000603
703050000
860000000

846900000
000004000
007010080
000079400
094205000
700800006
080052000
000690001
102000000

570300912
800000057
000000000
010005000
090000073
700000000
300710040
100200008
050000390

004000003
000790020
000030007
400000100
002080074
010300602
300160800
007000091
000040000

040001900
000060030
002005001
005000070
070206050
620000009
001000000
594000000
063009510

560200810
700000053
002300007
000500002
600070500
008000000
000008074
100000060
047000000

500000010
370005006
000000840
000000008
900000100
000060050
040083000
007010490
010490300

005000340
200009060
000200000
300005800
900840000
052300900
000000600
060050739
007000005

057040000
290000800
003009065
005000706
000090004
086000050
004306008
000000000
000702000

000310027
000060950
000952000
083021000
090000800
100500000
300700002
000290708
000000500

906340007
400002900
250080030
000000360
000250000
000700000
600400090
005000000
309065200

203000004
000000003
006008050
100000000
805000240
000260000
900080320
010002009
000500180

080150000
000000002
000307000
040068020
600000800
002004013
050030060
001670580
020000030

480000300
100050040
900310020
000000000
320601000
010800000
000036000
000200409
000140806

006002300
000400016
000000270
030000800
002000091
010000040
040300080
109000000
083106007

020940007
504060008
006200040
602400010
009000000
100000080
000000060
800000900
097050821

310000400
000000000
084020070
003092000
070805000
900001080
700000050
030004000
500038020

012057008
005800109
480001200
501000004
307000081
920070000
000209005
000000002
000000000

003000800
900000000
000000021
500060900
820150060
006037050
078000000
000002500
005800013

000080000
000501000
000006204
700040100
209010600
405000009
020060050
000154000
070002900

490002100
000300080
203008000
800500007
007049000
019200300
000785000
000000030
004000900

000200409
102000000
700001030
840009306
000000074
000080000
020000040
000700100
409602008

930640000
000092000
007000000
000071800
028003000
004008039
006010000
000000703
400030200

030090000
002100090
050002100
003000700
000781050
000000000
010009207
207500000
900060003

000800020
409016030
680000400
100004090
002500000
060000500
903480060
000901000
000053000

000960071
070008000
401005900
000000800
800001300
010403007
040000080
907650003
300000000

000560002
605001000
010048000
021000000
000200000
900030004
006000015
040010600
008900000

080000600
000000040
000000982
270000090
004200703
006900000
017060400
000740300
039820000

000185090
000006100
007900000
005000003
000600040
840000061
000008050
030740600
000030900

030000007
500040301
410020900
200013000
053080020
000057100
000000080
004030000
000100000

007906000
000400200
000035000
060309000
000017402
003000500
000702140
000001003
019000026

070050000
000002000
605903080
080009000
060470002
900026000
030000500
500084000
000300047

301900640
708004000
009008100
000000070
000003005
000000000
900100030
100005084
056080000

000000900
940000038
008000000
390070580
510000000
000000007
080501003
000906040
000740015