
001098000
700030100
006027003
090010000
002000040
000000906
000000012
680000400
209070000

000000736
000000000
180003049
830500400
910406007
000801050
090000008
670004100
000000670

000000090
009007340
450300001
870009005
000500080
000130029
347000000
010040000
002000000

000000200
070803000
040071090
400000000
000000680
008916073
000000000
000230804
003087020

080003000
000900040
500000803
000006000
304018690
000400000
900032068
008059300
006004000

000860907
000000002
070001050
090000040
008020000
417000068
000900005
769000000
050080604

000097028
050000010
000800000
002005981
070040000
000000640
025700000
004500060
019000200

200760039
001300005
300200000
709010000
000609000
400000006
100400000
000020100
090050407

036000400
000000000
000280010
000730000
070002030
000560040
008040062
200005000
403100800

760000000
004700000
102000000
000010000
900204070
800097001
030000908
409601000
208009406

106000079
000000400
030710000
000009300
900340027
600278094
200630040
000000000
000820700

003200006
000709500
008030000
000473000
000005900
074006000
402000309
009500600
000000200

580004900
009000120
040010005
000760400
900020007
800009000
000006700
260540000
000090000

000070200
000020090
000401086
060000002
401008000
075090100
000900040
000002067
009007001

060008300
009300071
000040090
010000007
480002610
076080400
090001000
000730000
000004003

020800040
807002000
050007003
201708000
730000805
005009401
000500300
000003100
000010000

070000040
600042000
000700000
041203006
000060000
000174020
420006035
000900060
030000109

013700600
605000000
002008000
000605203
000010709
000002800
000100000
700090501
900050000

829100600
600000000
000900007
080006000
700040000
002000103
090000040
040000806
030700010

005060000
000400000
001327960
063000091
507004003
000000002
000009000
000530000
000106450

903010045
080604200
200009010
002850000
050000000
406001000
500000000
000400190
800100052

000000203
001000000
000006740
000000850
143000000
000007400
600405070
028030000
400600108

000000496
000000301
005000000
000052000
080300140
000080032
600100500
010034908
200600000

040003070
070805900
100009000
000008002
003050100
298300500
000000000
900000300
300700080

300002080
094800700
500000090
000090000
005780000
000003000
100200009
950310007
078000004

010000200
004070060
006823010
000000403
207100680
043600000
800000000
000500000
000006700

040008002
000100000
000024938
328010070
700000140
900000800
000643000
000980006
000000000

050940607
096002000
702100000
000000000
000060732
000401009
503020070
900000000
007003010

700600300
004000001
650030090
400091000
000070008
001005009
097050400
100000000
030000000

000893500
000010900
030000002
610035008
000000000
009020001
500000360
000000009
006900040

050000016
008100050
020090800
010060009
306004005
205000000
000831000
900000000
040006003

000870900
500000820
360000000
010000000
000090300
800007109
007203000
100008002
090000010

000000000
000800000
400065080
072900500
080600039
000580200
050000000
039008074
007003800

000100200
000000070
200070381
180320700
006950000
059010000
000000812
090000600
000200003

070014090
002005700
064000000
041000000
006900040
020000513
000090160
000070900
000006000

000100308
038240500
000009024
700000000
021080003
004900150
800000000
059700000
072000000

040000001
300500904
008000350
463200500
500048000
100650000
000802000
600000000
020109000

800900730
000100000
001002958
000000000
230070060
075210000
760028000
010600000
900000000

004000000
960003000
002679000
000104000
048320906
000000000
809200013
020000708
036000000

000080200
000120000
000300060
009001050
600508301
000200900
000000080
205604009
094003005

000000506
000700000
000004809
600052080
800000020
000000705
030007408
085020060
070340900

000000000
009003740
020059000
003007000
200940000
704600900
000080003
400060208
080000060

320000910
004080000
050000080
000000001
903400025
070005000
800940000
400308150
002100000

000200000
040530800
000014000
900800001
006000003
010463000
004100000
002080690
063000002

000300900
200000070
300000010
000020357
020004000
790630000
001000009
600070042
000560000

050000037
000000946
000097502
362078090
400000070
800005000
920503000
603000000
080009000

900001206
000603000
120050000
004810900
000009083
000000100
002000005
300000040
548090300

010000004
000070000
004830250
000000040
000007800
000000102
403020900
900058000
027041300

830000040
012008060
006043200
000204000
500900410
000050090
100090000
000005600
000800300

900000400
000700000
020000009
000000648
000030090
400001070
306004002
007029003
009300080

004000000
095840000
060000000
048605710
900080406
000300090
000156340
000030060
010000009

002000000
160000000
307000000
006805402
000700005
530600000
000503006
050028701
004070300

001030000
090005000
800010000
000002340
020000517
010400000
709000000
042080075
050043800

000090028
007003400
000170005
000500000
000002070
800000512
500010000
000009300
370080000

180000050
042080000
030000002
000090204
309100000
020000090
006430089
004500000
000000100

000000200
008006031
200300087
003004000
000630000
000820700
040700108
900060000
000009402

000058060
090020300
020309048
035000009
600000000
802000000
703000500
000003600
000062080

010009320
906200700
520041009
000000003
600400001
259000000
000090000
000005007
100600050

200009800
580104060
609000001
700005900
000000080
000007002
005970000
000501000
000628057

000080005
008002100
002007000
001043007
800000000
300705004
270601500
010000000
000070040

650090400
900070300
020006050
500703000
000000000
030000600
700641009
090000000
300500020

027900100
600070290
050000004
402001700
930000000
060040001
003000060
000000000
000053027

010006000
000009000
672035080
009000060
050000201
106800009
000000000
500670000
720090500

900028000
000000058
000010000
000400000
004005063
006030200
400003091
001002000
053000806

203700806
000300400
006280001
400003600
080607300
000000152
862000000
000000000
070004000

000001600
005860030
000020080
001200000
000070000
508609000
000000007
109780265
002500391

009000000
730000100
518000300
802300090
050904801
000508002
001005000
025010400
900000000

200000040
070090100
090000000
520000007
003040080
800000030
109230050
000400900
450007820

400072900
070090000
000634100
200000000
000400090
005010000
300001540
104006000
620000710

000000000
810400900
000000145
043508002
700010000
001007080
000000207
050240003
039000000

000920000
000456000
060087000
300000902
074000063
800000040
907032000
000500000
035698200

300002008
006780039
078000004
000090080
009000700
000601002
120000300
600004000
007006000

007000400
684000039
030000000
000080710
400130006
000000093
900001620
340000000
001290000

701002000
980000000
000010609
000000825
000070006
000294100
000006200
000400090
100000700

005601093
010003500
600400000
050706000
000000300
000914000
034070001
000009070
206000009

410056090
700800000
000900040
002000005
007100009
090007200
050009702
020000000
108005060

004300700
000007000
000109503
030906000
000500600
500010009
050000930
800001070
076000005

007642008
028001000
000800000
010000000
000500000
000000057
051020430
200470001
003050800

000071082
000000705
000208009
000000008
009830200
070000504
007050000
001000000
900013070

002040900
750000380
000000000
097080031
001420090
800300000
030018570
000000100
000000020

023000600
100020590
050016000
000500006
080000000
000000010
900200070
005008003
032709000

300095170
000030506
040000000
002300060
007056000
000010702
705460030
690000007
000000040

000010300
010007650
030805001
004090000
080600500
607001900
500304070
000000000
700000080

340700002
070091400
000600087
000100904
100004600
720000801
060000200
000408000
010900000

000701029
000500610
000009405
032000070
005000000
006200000
594000000
070040060
200100000

000080000
000103200
000004080
000510070
000009100
520300009
300070500
072000308
950408010

000000004
000601030
004700900
096002000
000000300
000860000
030010200
100970800
870200090

058001003
060400500
000207000
000000060
000075100
000632005
000008010
005020408
600300000

000060030
000831000
078400000
003010000
000000090
564700001
010508000
009300800
005070000

000300060
900000000
036800071
001000730
000000004
005000908
040003000
100450087
003091045

000020300
030607000
085400000
068579402
070860005
000002000
740000080
006000000
000200006

009320080
000000302
060800009
600000800
004000000
000006005
900040000
100000056
300058140

609020308
004003000
308000047
000000005
400800600
000490000
000200806
050000003
006078000

005004009
000090200
090185004
701040000
200008005
600002800
000000046
000000570
000060900

800050403
005209000
000000000
001000500
400820030
000000094
200000600
018030900
004080025

000100058
000000400
000730102
207003010
001500000
085060000
050040000
100200073
000000800

000009070
040000000
500001000
905000600
080500001
067830090
000010040
006080509
300007000

000000025
060100080
000020103
100093807
000000590
000070001
070080002
016200000
980300000

002000800
080060000
100490000
007036000
000200036
609841000
000020400
700000010
924080000

002006801
000000000
000018530
400050080
600002000
305000106
510000000
004500620
003000700

000308000
000006000
040050600
100000020
008009100
069500000
800960300
900000010
005021408

530000000
009005040
007900038
010068000
800000150
904000006
090400000
401030800
006000070

010000026
080070005
000010000
009028007
761900003
002000060
300082090
050000300
000000600

000000106
040900000
002600008
408000259
610005000
000090000
000500900
900061020
085400300

713800090
090000500
000000007
529000040
438000701
000000000
070000004
000005000
204180070

000320965
090050800
000000000
000010054
800400600
506900003
002500008
000000231
003000000

072010080
000097500
000200000
040800000
009040200
580001090
006100000
807000004
000972000

050000270
000005000
407030608
548000002
200000706
706000081
600000407
004008000
000063000

100047000
003000800
670000302
006020400
400008009
010000000
340000000
080900700
002000004

000070020
090003000
000109400
000510000
200004075
001327090
004000007
500780002
100000900

800007096
050000270
609000050
003000000
005709800
000003000
000050003
500000064
024300007

000200500
000017000
300690704
500900300
000070020
000000000
002060003
001503090
005700406

012740005
000000000
006001820
000004150
000000200
070506030
000007680
007060000
300008001

005000027
008500041
000000000
000000065
006040980
007000000
050908000
900107400
701600008

000001046
000000570
000572000
900050400
600400890
005000001
400018000
000024000
002900710

070000006
905000000
000008345
030500000
006090208
804006053
729000000
580300000
000000000

500040073
070500040
000300201
061000020
003070005
000864000
020000000
406005000
050010000

000500080
090004000
605870040
300000400
057000030
020307000
000090067
700203009
200000000

003050040
000970001
001042007
500000498
070000000
002510000
000000385
000000009
090001200

400200000
000050000
820309000
000000038
900000106
368000900
000523000
640010002
005406009

000000000
108705360
000030007
700400630
004006100
610800005
000670500
860000000
907000000

000024100
090001200
040003008
700800040
000005089
004907050
080059010
030000000
000000020

060000930
725009800
300000000
800005000
001020060
950006700
000000600
003670150
090080300

016200007
050000000
078160900
002480000
000700095
000002010
400070600
000000002
080000001

001705000
300180000
045029000
090500870
000002005
020007094
010000000
000050108
900000000

000700009
010600000
000004000
007048090
000002000
005100604
040000000
020009007
709401058

090010000
020904003
008035000
000197000
030000090
000400000
500702800
940050070
700000201

000302600
064050000
300040000
000008002
740000501
008010460
000700000
000100823
500083000

009000000
000000015
603000800
010400030
500607200
097002000
000510090
060000008
805000000

900860000
004005087
002700100
005901200
800200000
000054000
007000040
050000890
100000000

000600002
000007000
200000804
001400026
520009400
000508900
400000010
060005000
090000675

600000490
280000010
001004605
000305240
030900060
500000009
809000036
000500000
100003000

003000000
090000000
056009700
000006000
037000500
900107300
000080907
200050060
000300802

040000600
000009805
000000071
007020019
104060008
050800200
000607904
060500000
900000000

000008070
050900080
000060900
100872009
700000020
000001038
200000006
900005000
086023000

000080050
210050400
000204000
700602000
050000000
000009710
000016900
500000071
007000204

000900000
020008305
936000000
049000062
000000008
050004001
102009054
083000000
400080020

000070001
800000000
190040000
300005000
080100090
000987500
000500030
030000004
405016009

900001000
000000080
780950160
090800700
020060409
600040810
000000000
008000050
215000000

000805090
069000000
020000070
500009180
100700900
000010000
002000000
008020405
007900062

078300000
000006035
000100600
100050300
080000040
003040008
010008500
030010800
000432010

090007020
100002684
008016000
014068009
680079000
000103000
000000100
000000000
072000068

070000006
806000700
400001000
000690801
000008057
000500620
098000500
000400002
750002008

000500000
600090231
020080600
000701068
053000000
000020000
000030802
000600050
000008070

000050104
000000920
009007680
407000509
002000000
000000070
090010700
020906008
500204000

000800009
210000000
000000040
080061003
900000070
003020100
000006204
090080000
760003008

000000431
000000090
050010000
000060007
400000105
098000000
370058010
009007000
084301000

000000092
000000370
500000800
008007000
470805060
900620000
007002900
004009003
000030048

000800690
400005000
008021405
841000300
000000000
035004920
190000030
306500001
000000000

086030290
000000000
309207800
900000301
060009580
105000900
002905000
000000100
007300005

004010060
001060907
085000042
072891000
000002000
000500000
000006500
200107004
050000080

087050900
600400100
405000000
000020850
800100000
200840009
000600000
760019004
009500000

036014000
000000000
050020060
060000002
000465090
000090000
097150000
000009300
200006400

000004000
000900408
000060020
040002000
600070000
070080069
830010200
090700001
400003600

008000500
605007210
020003000
150800069
000000005
003000100
096000003
000000690
000070008

100000008
000068040
000000075
000100300
800000004
000700050
680030090
003017006
004900700

703000260
600000400
250000001
000020080
000150304
504860070
005000000
801400005
000000000

000610085
009045000
000300900
000003000
850000000
026000050
901820000
500000040
040000301

400302100
080105600
000040050
100400000
000061000
000000000
005630900
609000028
004090010

700000000
030000680
846100000
090000070
004000100
123400000
002306400
000010002
007290860

009008460
508007000
060050000
000000900
700000010
090000570
620090807
850200004
001070620

000200003
000930010
107504000
090000007
024000005
000450080
350007000
800300090
009000000

907006100
000907000
040025000
030010000
000000920
504700003
700300062
000200370
000000005

380000900
001500000
069000008
000785000
030002005
200060000
756930000
000806001
000000000

300200450
000000009
800090060
003106000
000004010
610025094
100000040
005000000
408300520

300000000
060700000
010560080
000000300
000043009
700090051
600008000
080000070
953007000

000200600
000008004
000609000
085910040
210004035
460020001
100000000
000090100
000006598

600004039
004907000
200600000
020000705
500002008
000000000
400850690
006000003
802700040

402000500
570000000
001002700
093000000
000100004
140097000
200003005
000071900
008950030

060000400
324006000
000320000
007010800
000040000
200097036
100000602
030800900
400000000

007016008
960000010
800405600
000000000
604700000
150260000
001500020
000028090
000000400

000000000
075000040
216500007
004006029
002090460
000000005
000050000
000108002
890000701

480020060
000003000
600809050
200705000
060400000
590080000
900002070
005000020
004000900

003100009
000000002
000000060
900000300
004090080
310408000
026000000
845301200
000020840

000000030
300070160
800014500
403000070
005800000
009740308
690400000
000005001
000080000

060030004
308401002
005000601
092500000
000008000
850600000
000984100
006000000
001050920

060000040
972034600
300000700
000086000
006097050
000500000
000800900
200070300
008062000

600007324
870000100
205000000
040030700
008040016
020000080
000600040
507000000
000000502

000000005
060080070
320040010
470000000
010300008
002000000
080074100
600003400
200600800

000040000
520000800
000030000
430000001
108200500
690310480
900000003
006000020
000080105

500108020
000490710
200000080
070800950
000040000
100500000
029000300
008000000
000000004

010000430
800203500
700060000
007000010
160080050
385700600
000100000
000005000
006320700

890002050
050300240
000500670
500690030
300400000
006070000
460900020
728050400
000000000

000070001
080000420
045800009
200000700
670018040
014002008
000000800
092400060
000000100

004000001
070090082
012750000
005470000
000030005
000200040
090008500
300027400
008000020

005301060
000050300
309040000
000600002
060002107
100000000
010460700
027000040
000000030

620100409
340060000
009000100
090078000
000000932
000020007
200000810
000000070
060200004

035007006
706000010
082010000
000081000
028700003
003000500
000900000
001025000
000030805

000020410
009400007
700030800
000000140
410000020
030000008
020900063
806100000
000007000

502403900
004700006
000000210
060007403
020009000
000530007
000000300
000000065
003600740

000309800
000000000
850000020
000004510
000000409
000800030
460900003
002180006
003040102

000000300
000000700
004005000
800060020
060090000
030280067
350009000
702000400
000720083

000000600
400050000
023000100
230400015
070000308
050000000
000010004
002308000
607540003

020564700
000000000
000102549
010900074
500000000
006001000
000000200
070030006
300046001

000709503
940000001
000400000
000200000
200005007
090174080
500900000
712530090
080010300

000000076
400025000
010000400
290080004
000106008
000000090
001009065
560000020
008000001

087000030
200069007
000000100
502900801
090000005
608002000
000500000
000007090
003008060

006204100
000000540
000000072
901036000
304000000
070000000
069000010
500710460
700000320

006090130
500460900
080020040
000008650
003200000
090000000
069080300
000000000
010503400

000800300
640102000
700030006
801000000
200380050
007005000
508000400
000067200
000450000

000008003
063050970
250000000
000600009
000020000
000900400
300000060
006084700
092000005

038000000
007090000
900000008
800900600
014360000
000012803
000000901
641000000
300620007

005030006
006507000
700020009
043000000
000008000
000050900
008000740
064700058
030080000

060400000
000000000
005000091
200090304
000002060
530600002
004029030
670001005
003004100

080000100
900084005
030600000
003000048
009000000
000420000
000100809
640800520
000300600

015097608
073800000
000604000
904000050
000700000
056000001
007000000
340180000
501006900

300250800
095800010
600010790
010900020
800700009
900000106
080072000
060008250
000000000

300500001
910082400
000309270
000000000
040100000
050024000
000001030
400950010
092030500

005097000
000040005
900600008
090003080
008700010
006000007
030108000
809060700
050300000

009030000
000002400
750400000
000059070
000300900
040820000
500080320
087000000
200001047

000500130
005800000
080071020
000020073
710000200
003000005
000000400
028000009
007000050

300200006
010000002
090030080
060087090
003590108
005000000
200000710
030000609
001000000

069370580
050008010
000004000
100007000
030000790
000600000
004000000
085000960
000109030

000009000
702040500
430050702
000005300
009120670
540090001
000000007
010000003
000000920

000000000
504009100
180000300
030000007
006100835
701000609
097800000
000794000
300050000

040200008
009008000
010300900
400100830
000000000
160000000
020430100
000020790
000769400

003009017
000000000
000600092
400000209
700002000
006030040
018003060
900020000
047001000

030009160
200800040
004030000
000904210
700001000
001600097
003200600
408000000
000006070

900010000
060000001
038900000
006002078
014000200
200000090
020430800
400700006
700000030

000800029
000006008
300205000
000109000
000600000
010003700
067000100
902070003
001000500

000000160
000067809
007300402
010006004
006400000
000008200
004200000
800000000
209000300

004062008
692108500
801700000
000000490
700000081
000050000
006000072
200001004
000006000

000000800
260000130
100002900
708409306
000000407
001000000
420078000
000603200
900040000

006070000
097040800
000000603
070090030
060058402
008304009
005089300
000000200
009007000

930007508
000000003
600200000
800000050
010050702
000708160
782000090
059000001
000000200

004009103
700106002
005402900
600000000
000000500
003500740
079600300
000000009
400300000

704098000
800006740
016700500
000000060
000000400
000800000
000950002
600107000
150400870

705013409
002000015
900600072
000076000
040020000
009000001
090300000
407000050
600402000

070000840
500008000
090020003
030070000
000090500
854000002
009000004
000041000
700230000

007900003
000420090
002000700
104005027
900100004
000300000
040030000
006000100
701060050

350040000
007030000
009050100
003000490
010000000
000000305
000005670
560709800
708300904

006090004
700004500
000600020
504000970
267009000
000450000
000000080
000203009
008000043

000000600
009500700
620090035
200650000
001200000
000003000
004300200
070165340
000704510

000008610
120700800
406200300
000300060
000497000
000002007
000070000
000806029
300904000

004090008
010480600
008000709
800007000
360100000
090003050
000000300
100005000
070600010

020001600
005020700
010008000
500900800
800000005
000000470
000005000
207086001
000000290

030009005
004002070
000000030
520760000
000000100
300040060
000050000
200410609
000097014

706040000
500060070
000080000
415006002
020000600
030008100
000100304
800020010
000000000

000002900
052400086
000190304
006000000
040050000
000630845
000000002
000040019
309000000

070390006
000002105
061500920
000000310
000600057
002000009
030000000
040000002
009050461

020080406
005000308
030600570
000200050
600093000
000008000
903042600
200000000
080009704

008001600
006000005
300000000
065008000
820030140
003000000
000805204
700042830
000000700

000000176
900100000
000000050
720940000
310070060
094060000
030009000
000000510
001703400

090100020
000000500
000080000
000020806
400000000
600000070
820040050
501009000
069007008

043020105
029000703
600004000
010270000
002400007
000015000
000096000
006300050
000500200

261075030
008301000
000020000
700000000
030002001
000006070
600803720
402000800
000060005

000006000
460008000
102400000
007000920
000000000
000180467
800040000
090020170
004069500

900030008
700000043
008009160
050000000
000801000
010004035
000600010
004003000
000918050

003590200
000000000
005702040
200603005
000009070
000407689
600000004
700000800
004005000

007010000
001720590
002085300
040800000
000000054
003902008
170000000
000000740
080000000

018000902
029000730
007000010
000300090
000040200
000169000
630027009
000480007
000006000

050760800
001080000
090000060
006000000
170000900
080020500
002078100
730905008
000000009

300080174
009000030
000000000
230406007
900007000
000000480
810300000
742000003
000000612

400006000
006904170
002000900
000010000
000000007
600000820
040087090
100200000
800009506

900800100
000030509
007001000
009008000
010054080
020300000
000072000
008500900
035000010

030705000
200031500
000000840
520000300
008000210
070000008
857060000
000000000
046200100

000076000
030000504
270000030
040000020
000050100
600107040
700000802
504600000
001000060

201700000
005000008
006108000
000814060
000560000
000002040
000087001
400000050
090206700

809600030
400000005
300002804
000085046
900000102
000006000
002090400
003000000
000060910

050904000
040070890
000200000
120000000
000700530
000003019
000000058
007000301
090400020

410070006
000846050
005300000
000102000
007053000
020060000
082700500
040000301
300000200

000950301
100000089
004000000
000500000
069007008
001430096
000700000
008060500
040100000

007043000
240000600
001700000
900024000
016000000
400007000
709000000
300095017
000002504

005000230
000000060
070050809
080900004
400030000
200000578
003089750
000270006
000000000

900500067
630800000
000000804
050000076
008000900
000300450
000600301
003004080
710000000

072000003
001000500
580000700
009008000
005023100
300000807
050000008
200450300
004009002

600000100
090000000
320405060
008900006
000000253
010000900
009200800
002018000
000506001

000060300
000009007
000000002
600000001
071300400
002007009
490005000
015020790
060074010

076002040
000000075
530000800
050300000
200400380
004000000
060500000
900000026
003200098

372609001
600003000
019070000
040001000
000340009
060000240
407000090
000000020
031006500

900783000
703000002
100090500
001630000
000000000
000500700
000009075
009005310
006010800

000200003
600790800
907300040
504000000
080003604
000080720
040000098
000000000
200006000

200005000
103800000
508000907
000008000
000100043
000200090
009000034
800300020
040000879

065001070
140000003
007008000
506400000
030000000
000000802
000037005
020800040
000020010

000800007
000400200
152009030
090008305
400700021
010304090
500002000
309000000
007000000

000005000
000000000
019280000
700840510
000007002
006090800
020008170
000000008
490500600

000001260
600400003
000290008
903000026
048000000
260070301
000080009
080100630
000020070

000070235
000020007
000006090
009600000
508013000
002007608
203080700
005000003
000000010

159600030
360200950
080000000
000000001
805000620
630000000
000092000
200000007
000560080

270015004
300004070
580000000
000080010
000100703
008903400
705028000
810000000
003500000

007000000
200040000
000003050
740205000
810076300
000400006
002500030
001000400
003021080

300010704
060000000
170004000
051000003
040006000
000200006
000400320
800060405
002073060

000059000
305000200
409100000
210503070
004070920
500000013
100002000
008000000
000908040

000100087
009200034
030007000
200070009
064900000
301000000
002001600
007402000
910000000

000003200
700200905
060070000
805000029
020000000
040050607
070000000
300980050
000600304

090000020
000900006
000300810
800030001
020017900
370000602
005002783
100000005
000008000

800000090
500000806
090060700
607004030
009000000
040000601
000300009
080400003
160095007

030006000
002800400
000000720
140300000
000600030
076004000
010000005
000580600
020400810

045800000
130040060
002000590
080004900
900060302
000509680
000300000
304000000
000080000

000700100
380010000
004520080
058070410
000200903
000000050
005000000
420000005
810040070

000000700
000950062
500002490
000500980
200000000
840390050
065000040
000706030
400000009

003000001
500000000
000040000
105463090
600009030
900008070
004000810
009005400
860070900

000800000
000700984
000014000
903060050
640500790
800009006
000000500
009080600
785003000

020000000
000450100
000020470
030570000
280000000
000182040
093000000
002030750
050700010

000005000
706030020
003721000
005000800
047000030
000000000
200004001
408050200
050080070

040100500
000090003
073800200
008000005
000052001
020040700
005000407
000007002
000000080

002030006
005070000
938000200
700462005
500000000
000009024
089004030
000000069
000000400

069000000
450067008
027304000
000000306
002000490
000009000
000006800
090700004
070083025

040010200
300800070
720000000
000005000
170000580
280040016
401000608
060000000
830000020

100007400
002300010
403520900
000040006
020105009
000030540
000000002
375000000
009000050

170060000
000008000
000900020
000520010
000000600
060000049
900085106
020001750
000600900

008400002
200005000
070000000
091040860
000806005
000179000
000000200
010000650
804000010

800000004
105007200
700080050
001000040
504070003
080000000
402001700
037002000
000000360

000100720
070062000
000900000
900051000
001200040
706400000
095000008
400090070
000600410

104206003
000040000
000003020
201050400
400600012
087400506
000010005
000700040
000365000

200030500
070000200
300000009
004001050
590024800
001970000
100000000
080007130
053000098

120000850
087004020
046000001
000070600
000190008
200400709
000005007
000200080
000640000

009170005
000083000
000600080
000000103
160009800
000000090
003500401
008700000
050010960

000080050
100500869
000000000
000630100
900170000
000900000
060001032
701000008
800360000

060000000
000300000
000097050
807060020
002403600
003009804
900600500
030000400
000070002

000000700
000038204
000452800
058001003
000500040
040070100
029184000
000900000
000027000

060005802
080090316
000000000
000810003
006053000
200000080
020900000
010000569
040006200

080030000
600020005
000970362
002000100
050009000
071000090
700003050
100000803
009060020

000002609
302960000
400050300
600000000
058200000
004093000
209600000
005030002
060104005

000403700
002000005
070000030
700000001
005120000
040350000
023000570
480000000
000080900

000042070
008907100
000010000
095680400
010000700
600020051
000009000
300004002
000000640

002000700
697003004
500060200
000000000
700000040
403006000
080204003
040097006
000030005

795000004
041000080
000000700
007000008
680040102
000006500
450002809
008050206
200000000

600040009
230000000
004003800
070000000
509080002
000759000
900020000
025004090
007806000

002006009
060009500
070040020
000007000
029400000
300025006
003600000
048500000
097083400

092600403
070900050
000000060
006204000
000039000
030700102
040000000
100073500
007120000

580007200
030600007
001080500
000700800
200500000
007016029
016020000
900000060
000000900

050031607
030250040
001476050
000040170
000000002
000010000
370000000
090500060
602004000

000090140
060814059
000000000
090000806
000000020
001006000
080200900
000007002
004500060

700000000
000003004
410500370
150204000
300010006
007000002
000001000
000469531
000370040

000700800
500000001
470260005
000071008
200300000
030000100
003002700
000407003
000800040

802003700
006000030
300007006
000000200
450006801
000100370
000080000
008010000
020040100

030000600
002000090
507000400
020095700
170002340
000430009
004060900
056020000
000000030

020004010
000000000
006250000
600000598
085900200
000000006
070609004
014720000
902081000

003000482
000301057
074000301
000070500
002000074
008000000
060100040
030020000
200006100

200007400
057200000
300040800
070020050
000509070
010003090
000000000
020000019
090300200

000900000
000000278
005000006
200805010
096270500
080400700
004090020
000006049
070100600

007000002
050002064
609004705
000049370
000000091
000027000
000000000
001603000
046001000

000600024
600070080
400182000
057000008
860000400
002007005
504000600
000401007
130000000

600300002
030000060
070060410
006200080
007103000
800070340
090000004
000002090
100000628

596000300
000000001
208000056
000360500
005000000
800000100
060035780
000100023
900000000

610300420
000608000
090100063
000000000
060453000
140206000
050009040
030800000
000040200

039020006
200000300
000100000
070006002
000580037
605002019
096000050
100300000
052000000

000854200
908003006
040000000
800000900
030000007
004620800
600502300
080009000
070036000

360070000
200000060
080000000
903085002
100300800
800600709
030001005
500700000
091060000

900100020
061002000
000084300
000000002
002470003
798000010
100300000
800006000
004098000

000032400
010009360
005100000
600908000
000326000
000040000
930610000
000090002
080000040

700000360
005009000
000000021
500000010
109007400
200030506
004070000
001000003
600000170

000006008
508000010
300040060
001038045
000154000
000000000
000070280
170000500
005300007

007189003
600050000
000072000
060700000
980500010
070093000
000030001
000000020
328000009

000600040
000008006
008000000
800060019
063710050
049800003
000300170
007900300
000000000

520007010
000001200
090400000
000280100
003010080
000005007
000542700
000109405
900000000

130006409
004010005
060000083
000000000
005004036
000603000
000000910
700000000
006705000

145000030
000000700
300060010
030000000
804000057
607000040
060035120
000710800
000400000

035000800
007010006
080700400
009005703
000080090
510309000
070000009
000000600
000840370

002000600
603408010
709360000
000000237
024000100
000000086
407200008
000000304
000900020

600049001
500020000
010060700
000006070
070050130
000300092
000017600
150000200
000004000

600000950
000600000
500000047
010009080
008170000
960050004
700002816
100000000
000000702

000580040
401000000
050100300
060000080
503040000
084050060
000600120
378020000
200000000

004607000
800200010
075901000
040000875
680002004
501000000
000000450
006000029
000000608

100000700
520080090
068900000
090000003
705003680
600500000
200000006
001060079
050000002

007000905
000050004
040008210
000002089
070000000
590000000
004026000
780091040
100400006

040200031
000000000
000000700
010000300
050406072
000007050
400000009
706150000
009003500

041030000
070040008
900000003
003407000
000000069
100000000
004000300
000028700
820000090

002513009
700000000
000400000
005307006
000000000
006000402
100000020
203060104
049005600

060000020
005000431
210000508
000750002
702860003
000000670
050041000
000080004
020000080

000100000
000369000
809000001
002000004
010000902
904807600
000904000
007008000
600010800

500010000
090500080
000000002
002938001
100000000
000065300
604090000
913400008
800600000

000300100
490000000
060009050
900160042
050042700
000903006
046000000
500000000
000005300

100030500
090000480
705400001
200000090
080010304
000000050
007004003
032089000
009000000

000060010
070508000
000000009
000029500
003080000
050000307
200050060
009830000
000006083

230590000
094000601
000004000
100009000
000000028
000020936
008610000
000800469
000000003

001060200
708900000
000207140
600000000
080000000
040800020
204000310
100036000
003000670

000007000
274000000
900000002
050040000
067000008
008000001
000152076
006079080
020800900

080052040
000160030
006080005
250000306
008000070
300000200
100200000
070000000
043807000

024060005
069300020
000070900
040000017
002093054
001000000
017420090
006000000
030050000

000209000
100053409
060000070
907031000
000000000
300590001
605300000
010407050
000060000

000900041
407050800
080400607
700091060
000000000
500040000
800160290
204000010
009007006

730000005
002680000
800003020
000010030
013500072
040020060
025070000
007000050
000000006

000800129
000000000
900003050
400000280
002100035
030008710
305000000
049070000
000300000

002305087
000080001
001002560
005169000
000020000
000007010
100298050
203500600
900000000

003200900
200000100
006000000
900020001
078106002
060000703
009040000
040700200
030000807

068400000
300090000
000600073
004800106
800000002
010209000
007004000
001300008
640000000

480000000
510079000
003060081
000000010
050703000
900008530
090037000
130000006
800500000

000000005
096300700
108000900
500100000
360200059
020060030
070090002
900500000
035000007

004060037
000203000
000084000
005392000
000056004
000000000
050000090
608000470
037900502

000001008
000000020
034000006
008000401
000400090
091000803
086000002
900060500
203805000

620000500
000023000
007500096
500080030
003000729
900000000
040875000
200900400
000030000

080624700
000050280
600000005
100800000
002000000
057000000
009700500
001009070
400010920

000090400
000100008
980400000
051000000
003000006
000007000
300540690
009080001
740009030

000080400
050900010
400002030
008400000
000008000
060010005
680045009
010090000
000360000

000038000
000400005
000000030
005047006
300500009
000600408
001050043
908310000
650090080

402030508
006007000
053000040
010000806
004600107
000500003
001080700
200300005
600000000

800907050
012054003
500000010
000002004
030001000
000390008
000030890
020009030
050000001

000800001
000090000
000600000
050000008
017000350
206530100
090302800
073150200
020007900

109700250
000000000
000289030
001570000
800003071
007002000
703100590
500090000
000400003

302601009
000002000
076040510
007900340
005000100
000006000
900000000
020000070
003100096

500080000
090030000
061945070
050014000
003000000
407000000
800007904
070300005
600008001

003010002
400390800
000040509
890004000
000200070
302900000
200080090
100000008
000001200

002870009
000100300
008095004
007000000
030000040
504032017
009050000
240001000
700200000

700520100
900700060
001030907
105000600
000001290
009000000
000000036
507092010
008070000

006002009
038000400
090010080
000000004
004000100
200504000
000090068
000000300
050060020

210800000
040056000
000000500
600045009
500020038
000008050
308000010
000000000
160009380

000130900
030000050
100054060
050003000
701000000
024760509
970000001
602000000
015000670

080000002
000000030
090005408
008002905
710008004
200300010
543200700
000004009
000000200

600003008
500200601
002400509
000000000
100600003
000830200
006004000
080950100
400106080

000000010
300670400
546000900
065940130
000007000
000301000
003020000
090003570
400000000

600800790
070090160
900100308
004300000
739000000
000000010
200674000
346000000
000000000

000039070
700005000
080000001
910000080
000070000
000500300
058397006
079601000
260000100

900084030
084200001
000003000
178002040
000800000
500070009
005031407
007050000
010900000

004001000
009000800
000000001
100020049
000500000
600709005
080000007
050240090
060908500

200010075
054020039
030700600
000467000
000000090
000000006
600040010
020001003
001690200

004700003
800600017
000405000
000000001
000003060
003002005
001250000
507010038
040000006

502000076
006502000
803700000
030000000
000040257
000006004
200080600
000000005
067304090

700003040
010000000
003000165
007006000
450000000
000000039
090700006
036509470
000608500

040000000
000790006
700003010
004069057
006500043
300004000
038000009
070030000
609001000

005300007
000050000
000094800
800607403
007000000
603000500
000409060
170000000
406570000

405210000
000500004
090006300
960007050
170005006
200004031
000000402
700600000
000000010

904072000
100000003
000000000
009501830
080320501
000089040
500003087
040050000
801000000

600009020
000050060
530800009
083005200
000700503
007480000
000000070
900000008
000040056

269000001
050000600
300800090
100008060
000900730
095000000
080200000
010060080
000700320

306900007
008403950
000100600
050000071
003000000
000000300
034090010
560700040
900001000

850000060
000009000
100060045
000050002
000100800
000086010
000400200
001970004
000012090

030020809
007006051
000708000
965000000
000001006
000000300
008600002
612500000
059000003

000906074
000024380
900000000
080700026
000009000
070050800
006000400
090007060
308000050

900050001
000648290
806000004
000025000
010904300
040300000
000000065
000001000
091200000

028700900
000050006
603000008
364000009
000000630
009002000
000400067
086000090
400020805

804000000
000607000
000058000
073000810
000900000
400081600
000070093
090500106
600300054

080000000
050003020
907200000
000030700
030062840
000804000
370008000
048000000
620947000

503040100
000000900
000700002
304500000
002010805
080000490
000002000
000034509
000000321

000000374
000007061
000030500
230016000
140002000
057000016
000003400
020500007
000001009

104000003
000000000
000058102
000000000
001304020
370012900
007801000
008007490
040020000

000030007
709100000
003500912
002007051
000080003
000000080
080600000
090005060
510000000

007000080
600080004
000004107
000010600
800007305
701300000
000060509
000003000
000908046

000005003
900000210
700106000
021070900
030000000
000810000
000050600
270000809
050608170

800750000
096000000
020009300
050400000
230000690
000000020
067092800
000007000
080000203

200016090
006700000
418000000
709000006
080000000
062937000
001200004
000081020
003670010

008530020
900080000
400000709
020000003
000000000
100004200
003790001
800010400
000805037

002601000
040200500
380000000
800405000
015000000
400900600
950000031
200000000
000064000

000907000
300001020
000500010
000203400
030010008
540000030
007308051
900050040
010004009

105000203
400000050
070020060
801000604
000300000
000800070
000100002
000600005
002570080

003400000
050078400
070050096
000080004
100000800
000000070
731000060
540060903
009000008

070000830
000900000
003010000
835000060
400000100
000058000
100060003
090480070
040009580

700003002
020040806
000080000
806025004
000006000
000130000
000008020
180400005
000060730

098000070
100060002
020100000
005600001
000980200
080251000
000003010
000009803
070500000

006030080
450100000
010060000
005000100
600000070
020670504
070000016
104500000
000000003

002080030
695000008
040009007
000000060
300890500
960207000
000000702
709000400
008000090

000790060
000040907
000000008
000670000
070408031
200030000
140300790
800000102
000900083

700030400
006008005
200000000
050006048
070800900
000092700
900045300
000900060
000007000

003580000
000009020
900700800
000906708
007000000
000000502
000002057
064000000
520090430

300094000
000253100
000000000
000000062
064000307
030502009
620400000
010000073
000671000

980653700
003809000
000000000
600000087
050030000
070000009
310065000
060940000
007000500

100000000
008006000
034908500
960200005
082400000
300000820
000000000
090005600
050309400

040090000
300000000
000021430
000084329
930710600
020000007
690000800
000000000
780000213

806570200
700190058
000000000
000920070
000000001
000056000
002000090
008007000
510480700

020000980
000600450
000040002
006400800
900510027
000006090
700800069
490000208
000007500

960007208
700020000
083106009
000000060
120000804
094000000
000000300
000800600
010304002

004026570
200500093
070090064
820060030
009380000
400000050
902000000
000030000
006000007

073280001
000001007
005030804
006000000
241365000
000040000
082700000
000058030
400000000

208300000
601002800
930060420
000005390
000000000
000009010
300000001
500040006
106080004

060820003
002006000
000001000
100000090
803209106
076000008
000008400
000900000
700403069

000537000
000000000
050009081
000950000
048060050
000704000
007340010
905008430
030100807

000007900
607130800
004800000
200004000
086000003
300060007
040028060
000009000
760040000

300000000
010006000
287003000
000600800
001200030
800057004
024000000
000005400
708100520

000000970
100700000
305000104
050030000
000900006
006040000
700003000
000150068
004690030

005090400
706000850
000000000
093040680
007061043
000000000
000000300
000007104
104039070

000200000
000090005
000000090
701004800
050079600
009600402
800700004
092060000
000000200

026104800
080900000
014060090
001026005
000400000
000000029
000000031
000000200
632040008

010000000
240008300
079000050
500700003
304090002
008030600
000980000
000004000
000620080

300200010
001040850
800000704
000000508
000670040
020053000
000000080
460100000
050000007

040000090
000084030
000600000
000000000
731406089
000237004
100073000
370800000
009100600

000000000
016800050
084076000
851000000
700069800
060000005
007020080
000040609
005000042

260350094
400700003
000002000
090135002
000420000
000609000
540000300
001000007
079004056

000000001
000080050
759630000
000000076
000006002
300000980
030008200
920700500
006350000

000003500
008005007
000070000
000910000
027004009
304000700
070040000
030000082
400508300

007021400
000430000
000090008
031000000
760000000
900000703
209070010
870043200
006000000

006000581
000000000
800030400
000000140
002000009
145009003
080500060
460002000
000098000

060000002
000030100
027000380
000000009
200047000
004086020
602000010
843070000
070000804

007000400
030000000
018000700
040050000
000006102
005710604
000583010
600000000
081040007

600001050
345602000
000300000
591000000
407000960
003000000
000964700
070000009
000003420

080190006
005670400
020400900
008900060
506000001
090005004
209000005
710000000
004000000

000006100
050000009
004000325
690800002
100400030
002009500
040005008
006000000
000030400

107000045
005020180
300006000
800710060
050002700
000000000
030000026
001200070
000080004

000400700
875900000
402000000
180005270
009803004
000070000
304700108
000000020
000000405

008500009
007000800
100000000
009703100
000006085
060000700
506080000
904130050
000900003

000000000
859000020
000300019
040000238
002090056
000000000
500001400
200800500
010400080

000030000
806507004
300601000
000075081
000000796
100000005
530040000
700000010
490003070

500030000
040700601
100000047
050000030
000050008
600800010
000200700
380001065
000060000

408501900
100000000
020000040
000000500
002050070
560040008
081000060
604200080
000009050

000410053
200590000
000080901
030020590
700805010
004000038
000003070
000050004
000900280

074000000
300004002
200306000
049000260
000000901
100009050
090000017
001050000
400020503

260000910
005060300
010080000
009006703
030570020
107002850
000000000
000300205
000005080

409071600
010950204
000640100
004090003
020010006
503000702
200000000
936000000
070000000

960050070
804072009
000064500
080400030
600000740
090020050
000007000
200080000
000005000

000085090
908006502
010000300
000030000
020010008
083600705
000000000
006251900
000869000

000000047
910000000
045060100
003806001
000001004
760050000
006000000
870004030
300970000

010000506
000000370
009000010
080350100
620000000
700060980
097800050
860002090
000000000

400500890
010029000
030000105
103040008
002300000
090070000
900801004
000000300
005400001

003084000
608900005
950010007
000000009
807030400
590000706
300000090
400000000
080000500

070206900
000150000
050000800
790410005
040080700
000072000
000500109
600000270
900007006

400020030
000930700
000400008
040500000
701090004
520080070
002000003
000000080
008003059

000100040
204003000
035000008
070408302
020009500
080001007
300004891
800000005
000000000

001000026
000270400
000400100
008000072
406700005
970500000
000060000
050108007
000904000

000019005
008000700
710030000
070904300
000250040
420008009
000000000
849003100
300000800

000000200
000000043
000400869
006000100
040706020
098000000
030208400
082094601
000601000

000800400
090047100
000001023
000508700
300000000
000370005
047203090
000700200
000085000

020000000
800072003
009800000
007490002
900000650
300000400
000050000
000008270
004720935

870409030
090570000
430106050
000000504
600000170
000700060
300900810
900600007
000000400

000000040
005000628
000000905
000500002
040003010
000096000
021000000
389041006
056002031

000100500
000003000
007000086
060000000
020400378
050017000
006002050
000580712
000000003

200800000
004300000
506000020
000000060
007002043
350600007
603507100
802000400
000080600

120000500
000050300
030020046
007000200
000000060
200800001
063000000
000500080
401036702

000000007
008043060
000006050
005094000
070600000
000010008
047100030
060000790
030409100

094000070
000800000
500040109
007008000
900003067
043006001
030604050
650000000
000000008

008040070
100020009
900105000
500900000
000000504
000700000
305000400
710000320
094000007

000600073
300009820
001300000
009703600
000000907
000000080
902000700
803010004
006804090

800000070
060040000
021790000
034000000
090060017
700800000
670900030
400620080
009001000

000000026
760400051
003000000
576000048
040000030
008000600
000030014
000604207
002001500

087650000
006800150
400201000
000000064
000000208
000162090
200040605
000507020
000000080

000080000
200005740
150207600
000510000
040073200
600000350
000006072
700004163
000000000

070001008
003000607
500802000
000008000
801590000
005100700
000005010
200900000
007610000

030900204
090083065
060000000
000000500
304006002
600008090
820007000
007000000
000500000

002106900
100009635
000000000
020600040
906010200
030020008
000400590
000000000
300000801

700002400
310600000
908030000
000000176
002000030
000000009
000076320
030408600
809000000

000600040
300009000
000000080
090500420
004080900
208000700
006290005
000040270
700005600

309600070
040008091
150000000
000000000
600097500
080000039
000310740
000080010
000000603

003005009
007306401
000010050
070601000
465008007
000000000
000050000
690800000
050704080

200000903
097060000
004205007
842000000
000020000
000307008
078000040
620000000
000836000

037009080
014085092
000000007
000000570
049070020
000903004
002000005
005001008
000000000

000070380
070300009
005800001
500038000
300095610
100200000
000600000
906051020
000020050

800000000
403508010
002003400
000072500
000000100
020000003
308106020
160800000
000405000

002700500
005901000
400052301
009004000
000000060
540000900
900063400
103000009
020000100

000902060
700140090
002037004
009000050
000000000
020009047
007006503
003000026
200300100

030009007
400601380
000500060
650080010
084000035
007005004
060100000
000000000
001004000

604070000
003008000
700030024
070209300
008053000
000700008
000046000
300000005
009002700

000000500
000290006
010300000
040009200
500020403
600100900
804065002
050000030
102030850

006000970
000007000
000040610
000000050
071300009
405069080
000005003
804000000
007000046

080006009
040000508
000700000
900008006
000040000
500100000
005801000
007009105
610037090

400602010
600010908
003400200
209760001
000000009
810203000
006800000
020000096
700000000

000060000
060800701
980031500
000000000
090000300
001040000
000056040
300400690
050300870

000010000
210006000
804503000
009300000
005001080
180940300
060804500
400000010
520000900

802705000
030680400
400201060
000000030
601000250
080000001
300010006
000003700
200500003

010050300
003010067
690000000
970840000
000790804
400001500
030000700
100000000
000070156

230008006
190000040
000400002
541000000
060000018
900020000
000009200
300006500
000052604

720004000
096530000
500006230
000000408
050000060
000089050
000400900
000005720
070900085

050000400
724000000
060000801
000000000
081000206
042980000
000007608
090408105
007500000

060090000
000001000
103708000
002065070
000000200
000100006
900200060
308000100
200073005

000010007
200000000
605900008
806070000
040280000
000000000
020090076
007008095
900100480

090000000
204607930
006500000
700300000
002000006
038004000
005006000
600740052
040200093

030002008
740103000
200780400
000460000
000008304
000000012
010000800
007000003
694000070

008007030
700000095
300586200
080000000
050704002
007020004
000060050
060000008
000438009

900020000
030109000
050000006
300006092
000802057
000700300
600005000
092000000
015000830

040030600
000070000
002000040
080002070
001000268
006003100
600010705
500080400
000000001

070000000
600000009
400000830
005004200
800003090
746902005
000200000
000000523
030600704

600308090
010000432
900000001
000000000
409025060
000106000
100034000
300860000
000001500

009000000
060402095
050001002
502003000
080009000
004200000
041305026
000900400
026000800

000000000
500900200
097060008
008706100
600002005
320000800
000209000
060803012
000000070

090630010
800000000
007009000
700160203
009000006
001004000
200090760
000000000
080003001

000000040
980000600
200108000
000900000
000000786
700600015
050012070
020050009
801009400

050400000
000620507
040370021
000060030
007100000
300040780
001007000
500000370
006000000

046020000
050106200
001905000
008001700
400280059
060000010
020008000
070600000
000500001

342000000
000000405
001000030
004080710
500021003
803000000
000800050
000006102
000010370

300070050
000000100
106200349
000000560
040000000
000400090
005103000
020600030
900020007

300700080
005032400
046009030
080006354
000020006
000000800
090008040
000050009
000090260

000000570
080005300
000000000
600059800
030800000
000002090
023708001
900060203
506203900

160040003
093002060
470100025
000000000
340759002
050060000
000013000
000607001
000500000

500000200
000308600
183700000
608090000
000203009
009000506
710000300
000501000
302000000

000001050
007400600
680059000
000200700
000008000
005046802
019000000
000800507
070005000

100000002
050000000
600300010
037001060
060900000
510800700
000020000
000059008
800630520

010000300
000003097
053107000
006000001
000000840
007800063
000000050
000304600
804006700

000010006
050200408
008063000
024680003
093504600
080900002
400000500
000000000
002000000

020000400
080091003
005030028
070015004
900400050
000002000
040080007
001049000
000000800

001090007
006042000
000003020
000007000
000030060
007460389
000000076
000080100
800704032

700350008
320007069
000009050
000702086
810065003
000803010
950000000
600000000
082000000

010050302
800060500
309008000
008400010
000000000
103006004
920000000
004300900
001000600

008500670
400079000
000000001
016000025
000000800
509020060
602000490
700000500
040060000

103200040
405000030
090070000
300000070
000985010
059007000
507004000
000000003
048000100

892007000
030800905
007000000
000000400
065002080
900070000
003080060
020304500
008000200

600700000
900020000
082060390
730000008
000100600
020008000
050000002
000670003
000080005

001000493
050009020
008000000
004800900
300000000
080006030
010008069
600102000
000504210

900000640
004030085
030009010
100050000
065300001
300400056
000007000
750000090
000000360

009010700
000470000
130900000
300000980
002890407
090000100
000200000
000000251
040001300

057080006
910000840
000000070
602000500
080070000
045000000
060240090
000800061
100600002

080041007
000800090
403000000
791000000
850090030
004000000
007600500
040500100
300970008

807000000
020010050
005200079
050092100
000060098
706080005
000000000
200009016
300800000

067900030
090608000
000020010
000006190
400201003
000040820
030100670
000400000
002070000

006350200
007006003
084001060
000030000
000802000
060040000
500000700
000008030
120000408

007080000
860002403
042000700
009020600
600000030
070019204
000068000
000371902
000000000

000000500
010080600
000560027
000200000
800001200
300056010
650400700
080013000
000020060

000070501
000006307
708000000
021000000
000090000
065007008
003920005
107030900
600005000

200301000
034080000
001000507
000064000
680050204
000700000
000500020
070030000
005847600

000000060
601090875
000050014
800025700
500070601
000001020
008000000
009040050
000080490

004003800
000050000
560001300
000040003
005000604
000206100
000030008
150070000
703500060

000000000
500083090
007516008
000705026
000608300
000090000
000001900
690800007
071000000

000000040
090000200
800152000
070090800
200400019
500003000
304000001
001000070
900200008

900000000
500000800
000068002
005030090
010600300
000021000
000700210
031085600
000009080

050000100
000004900
260000000
105060070
600000008
900005000
002080500
090016700
700059802

009840076
500030900
046700030
000100000
000053000
050098040
078001000
090500000
400000097

700080300
800000004
000003906
020806040
010200000
400307290
389000000
000020000
004000700

804760530
200000000
097053000
000000060
000090002
000200780
002800490
070000203
005009000

000402000
030060900
400000702
009034000
000700308
000608000
060209500
000000470
905047020

604050107
037060000
000000400
500010046
000004700
001000300
703240510
000090000
060501000

010090270
005300400
870005900
007000000
004070010
200009000
540030000
008020300
000001050

050030000
000000078
000000100
800040703
001005946
000000000
400050000
030700060
076980035

200008073
050010008
004000000
070083005
000090014
030501900
080000700
040200000
100000002

020075090
300008005
000093010
050700100
270000000
400000000
000010980
500000041
700040200

090204001
000006000
000000003
000078000
010600008
004000209
208031690
100000084
060000300

050008023
940020070
000000600
000000030
000000518
300000006
007300065
080097000
003010007

690025047
000000600
000001302
000706030
700950000
209004000
103009000
070000000
006000021

500003000
006051030
080690050
000000170
000000209
900068000
300810690
007000001
000000005

073040000
100700000
802051040
031207000
000085100
020060400
005000600
610000200
080000010

004601050
000007800
003000000
500000008
407103000
080000200
300008540
200000003
700064000

300000002
000000081
000074000
600807013
104009070
000000900
410960200
200001000
080700030

003000007
904000060
650800903
000690080
000041000
000300000
000910800
409000500
000087400

103200090
980050000
560000004
020180050
400000100
010040928
000000000
000016200
000009605

000035000
000000300
000020010
005006082
740010003
020000400
300040007
006087500
000063800

400010020
100500063
000007004
000620000
204100000
000050000
380075012
000030080
700401300

100009004
043500028
090006500
802000001
500000000
904180000
001600300
006005000
000210080

005008000
007900500
001020003
750090034
309240100
080307005
000750000
000400002
000109000

000900240
000610098
000500001
002030089
000000100
800000003
203006000
056008032
040009060

000002900
800946000
000870000
006050000
000000019
085100070
071005600
900000400
060000057

000094026
000005003
204010908
001000200
300000065
002006301
000000000
940030000
510800000

000875000
006000000
005203000
000020003
009050006
003006000
054000700
300400052
092008604

005000000
040000030
030600504
100206900
094801006
002000003
000003601
000004090
006000020

053006007
071240090
409000023
904501600
000400000
000009030
000000165
005100070
000000000

800050004
000004039
100800750
020000900
985010000
010000020
090020540
000000090
000407002

900074000
003000400
000680070
000008001
701040320
030020049
060700000
000030000
400012000

060048050
500970000
000002001
004000087
000000900
986000510
000000006
002000140
105400029

041000078
070000000
000000500
000004380
030007600
400020000
083500001
050063040
700010000

070400082
800700000
069003040
400006003
000000078
000000000
920004006
700200090
030007100

000000070
800300100
001800000
500240000
007000015
080506030
074005800
300002054
205030000

006002000
502010000
900058003
000027010
001080050
720030080
009000000
260003000
870000600

002000071
100005000
078030020
307001906
006000000
000803000
000000005
001090730
903000068

008070004
005400000
000006300
000203060
500000108
000085000
007000800
800600050
400350027

090000086
028300050
060050400
000008590
002003000
106000304
000400000
030000618
000080000

705006803
306500000
080024000
000002358
000000000
500793002
000040006
000000900
009200005

000000000
569040710
400100050
050004000
008703600
710000800
030800000
107659000
605000000

160000200
300200000
009000360
008051000
900070100
002000030
000700000
023098000
600005008

710005080
060080005
030407006
000700120
040500073
000020600
070000000
008203000
500000040

000068000
005000000
007029400
200094507
000805603
500000890
870000005
409007000
006200000

040800607
500300018
007140030
600000004
008003201
210500700
060000000
000070000
300000005

000000070
000000850
402000000
000024008
300807000
107095000
809040520
000070304
500000900

000000049
470300006
052000000
000000000
004002005
308400000
030640080
000900020
900050700

007000300
000800000
080530100
074020050
300000090
020305004
005200080
200007000
003080900

000000085
000600000
200050001
008401090
900000002
702009540
007800020
006000004
000005009

100060400
052000003
060000020
003100750
000400310
604000009
231000000
905704001
000000000

060900003
502307900
070060005
300600040
007120006
091040000
040200050
009070020
005000000

800030920
000904000
500000048
901000400
208056000
000000036
000001000
000025010
050800000

047000000
020004300
005800000
050000030
630002057
080000000
200106800
400507000
000040206

900836040
200070090
006000003
309000200
054000060
000000000
060090004
003280500
802000900

080507040
052008001
300000200
709084100
400001903
000700800
003000000
100005007
800070000

100802040
500407300
800003907
050000170
000000000
000501004
210000590
709200010
000000000

000906300
000058000
200000750
030021000
500307200
000500000
000005070
006083000
700600098

026010090
504020007
070409050
000008061
800900002
000000000
007200000
081007005
000000600

000100090
300800020
010200300
400012500
020350078
050009001
200007053
004000000
705000000

053000000
820000009
906000000
000000000
008730010
012080000
000006520
060300097
307090081

060080000
000403000
040050237
050009000
004600300
086000040
570830000
000000050
000027000

050009007
090400028
800270503
001700000
000530170
400000009
002000000
009300000
700000054

100500030
900010000
000060000
008057000
290000000
750006391
000000080
000783602
000000907

004000917
070000040
160000000
000900030
600700804
015800000
000000000
040050068
759000300

100000000
360275010
002900000
000007000
005006930
701030006
003000000
000100062
800059000

000040030
000105000
900000605
700090000
026070540
000520170
000700000
307600050
600000093

000800050
650007008
030040000
006000000
200700080
005026004
180400000
700100003
002073000

803000207
000005090
492700008
007000000
200000800
000502000
000400000
640080900
300900062

006000008
300680005
020003040
030004000
164270500
008000000
005031020
203040000
070500000

954000200
000500000
370000001
500032000
092107800
000008000
001204079
700003000
040000380

000050320
000030108
609000000
000500830
000003000
000170500
020000000
058600001
010089600

000316205
310000000
000000000
005000040
670030001
000020000
540100006
100005070
007082000

000600080
058001400
012000700
024010006
000870000
005000203
040005000
000300010
060000000

106870005
900040000
000000680
500200790
000007050
049065200
008400000
002000000
000096000

390800702
000000408
000070090
040000000
903014000
025000001
030008007
002900000
700000153

700605400
041070300
000000050
003700060
002000700
000060035
068200000
207040080
000806000

420900000
000706009
003012070
204090000
600100007
075600000
750000006
010000093
000060000

001060000
000002070
097501000
020030817
503100029
700000053
900000080
000006000
056008000

000000130
000307050
040080009
014900007
050010080
009275000
008000402
090000010
000050800

962000000
080700100
050000000
007020080
500400000
000098000
000079460
200104008
070600000

007020806
026009470
400070000
060003200
900085000
072094050
050000000
000040000
089000020

100070050
506040000
000003400
801000730
094050000
050000000
000015064
060084100
000300008

000000905
093020007
400170080
800030000
000791000
000008000
205040001
900200700
070000008

000937100
040000000
050004070
000018930
500009708
000500000
370000001
080000009
000083240

000500780
030000400
400003012
900004000
540700009
087200004
200005891
701900000
000000000

007000000
501023090
230070000
000000059
070530400
900001700
400060000
009402000
020007005

980000600
000000000
307002400
000000108
000403000
000700000
000081007
703090200
001207046

080500010
000060280
417000000
050680000
000000000
006402350
000700002
040000600
000003508

000000009
010400850
900601040
004000000
000900008
100080500
850009700
009005010
000246000

000000927
060000000
007004005
000000052
000800710
002907060
040002001
000740090
100080070

050700300
960100005
000006098
000000009
810509000
070800100
000403000
000000006
004001700

800000100
072008030
003024000
001400000
004305062
000082000
065001000
207530000
340000000

000107090
000058700
030400010
010029804
000004950
000300020
800000302
009003070
200000000

000040020
005002680
060790410
720609000
001000000
000000106
900020570
000007000
240500000

000600309
091200000
506700020
300520000
009000005
710049000
000000007
104003000
000060950

000500043
500001000
000390002
000080000
100000598
390000001
920004800
430050000
010000060

000060004
000950800
010003000
009008076
807100400
504006300
300019000
600070000
000004903

100050000
309201006
060000500
080010064
000304008
003500109
036090000
000008000
040000000

760000000
000000187
000300000
190000006
005008200
000000098
607005000
829060030
000001000

005000000
010870906
600400008
090062000
020000040
000009000
001090405
700000000
002508010

000607000
765008009
010000002
008000500
051090000
000000070
083000000
009000001
600003205

004800050
020700000
650090000
000000000
460052007
180070006
708000060
000000048
090000210

000070650
500020030
070060100
005000000
140200873
280000000
000000300
010540068
002010400

001000000
006135000
040060050
010000300
000200510
700004009
000009004
263400000
009603000

060109005
002036004
000000008
050000090
380062000
000010000
000085001
608000000
100000209

000000000
060020010
010060080
004010038
700080002
000307400
076005320
500200000
080001006

000001009
000000080
208000735
075106003
820300001
000009000
030700092
000000000
981602050

000083000
006407000
280000000
004050000
000006308
000100600
630500000
507021400
040800000

005002406
000001000
000480000
000000609
208070010
046200070
000064002
000100000
004729100

400000200
080000010
000003000
000001020
040800000
007036408
020109840
001040000
030020700

009400700
000100305
500060000
000700004
000005000
004329010
701002000
040000000
005010930

490672000
300400000
100005700
000000670
240060000
010300000
009716050
000900060
000000902

006700200
090040870
501020000
000008700
002010005
004007016
000960040
008100500
000000060

001200050
603007000
000000006
700096300
900701000
040050001
000070010
000035790
100000600

000008200
106300000
080050010
000806000
004100080
067020000
003240051
040000600
000500070

002695080
100000700
000080003
009060100
010000008
006730090
600008519
000056030
000300000

900000200
000000041
020000070
006490000
004000700
031702000
009570000
075604390
000100000

006000700
007000109
000000005
300040070
709301000
450860010
800070000
000509804
003006000

007008000
302000900
000306000
000105080
056000010
100200000
530001078
060000000
008000009

000000900
310000000
508010073
600000035
830705000
000060000
790106000
000040050
003970000

090020050
300800000
082609700
060000000
000000000
000130800
970006001
003010009
020700605

000000008
400000090
000002410
010003050
005120000
209800000
100400907
004008005
000005130

004831000
006000000
710006000
067008000
000060100
180007306
009200803
000400900
800000002

000005000
000890000
602001000
700520030
000700006
008003002
105267093
007100000
300000018

040903107
800000000
200075904
000400000
300010000
007000030
038040000
100002005
090500000

030000001
200416007
000903082
960000000
701820003
000000010
086000000
100204000
000100004

000100689
000900015
000060200
904000000
100003020
000080400
000800930
000040100
080002060

000740000
000096010
000301006
207004800
000800000
000003647
800400070
001020009
400000100

090070301
700003040
100000008
900085010
000000004
006000700
301006000
670030500
500900030

000690000
160250000
000000000
040000630
200003050
900085012
520000000
080000400
093120060

300080106
000000430
608004500
000000070
124003000
000000200
016705000
070031000
002460000

000086000
048000910
300000400
200900004
910030080
005140000
020500000
000000530
000803009

000000008
000025600
000040000
058003940
029400005
003000807
080030400
090800530
000104002

027109000
000670000
000000050
070042000
000000720
045000006
000060000
306000905
009057062

001009080
000065090
603000000
410007600
089000001
300040000
004000000
500608400
060090000

000000000
080030209
705600000
620010000
098000300
000800005
300000000
002063580
007000690

200040816
106000002
000000400
074002005
000060090
000907000
405000000
020001600
019700000

000009000
008300020
004025080
000100900
000002000
200806100
096000004
402000031
810400005

000060030
000200807
000000000
803620040
002004000
007030005
060080572
040070613
000000000

006080010
502004000
090000200
007040950
200100064
000000700
900270500
100000027
000050008

000030800
650008091
403000006
000000000
300000450
000007008
000640080
100900703
090800000

035010000
800000005
091040000
007000021
250009340
040000000
020030070
080090000
000802009

000206000
080050017
200870950
000600020
002015090
500000800
700000100
060000000
000080003

000400091
000000680
020100000
009070360
700036000
400090002
090000024
006000730
001000000

290000060
007500000
000000000
508060000
000000410
060127000
150040002
800205790
900008001

070000030
000000800
800023004
900704005
000080900
004059200
009000028
006500000
000046000

090027306
000010000
000000128
006008004
340001802
900062000
000000080
600000003
200089671

000009000
000050940
800400002
002005000
900001030
300900400
200500013
000324008
006000000

860030002
004000100
300490070
000000307
087600000
400000000
190067030
000900000
040000801

600290007
009004100
000081020
200000000
017000090
080600070
000006500
190020000
002000400

080000001
200908060
560002030
937000026
600000105
000020000
000000002
000300000
300005078

004903010
000008300
100520000
000000108
090040002
000100560
002001000
800300640
500080000

040010200
200007000
056004701
000000609
010005407
304000000
000000100
070040002
093600004

080000000
230000007
007009001
063000000
700000004
148070000
000062100
010830709
004090608

000002000
403001000
900640300
060000750
100005004
000000000
000070400
579010630
004000009

010800300
406109070
000000690
000031200
000000003
000402008
009300000
360010700
004700000

057000900
080053410
000800070
030000008
000000000
495000030
500080060
010046300
604007001

800600300
000930000
000000060
300409001
080006003
601350407
000070000
100000070
403090010

000489010
080715300
000000000
007000005
000008900
840001070
030000400
000054892
000000007

059300701
301200480
070800300
000140000
003500004
090000000
000005800
082000090
000007000

007000000
004000920
820700030
000403102
003160000
000270046
100000090
000010280
008300004

000301000
100900642
700040000
900480070
207030010
040000800
000700000
020800000
000010036

000003000
200085010
000010370
000230000
007900050
900001006
003007120
050060800
000000005

020059000
000008010
010300028
000005400
380000062
060000000
036200100
800000009
092000300

024807001
069000407
008690000
000000206
001500000
000000079
000000718
005900002
040002600

000000200
300052800
000800491
090000005
070000000
008193000
000005100
209010000
704000020

040000309
001040000
500300000
002498000
304100802
000030700
000005408
000000021
128000070

500700001
010043005
300010742
905000070
003000084
400087250
000008000
000300000
002109000

000800725
000000600
005002010
000000006
580000307
610798200
700200009
100965800
000080000

000000000
000700006
000601003
700800300
061004075
200070001
300200568
005003400
002000000

100098000
008600000
060305009
201500300
000000750
030080000
087003096
000000205
500000030

100038000
000007000
000000010
003060904
600100302
940002086
027043000
000900800
006000000

300500021
501006900
020300600
009000010
600015009
002080000
030029008
000000060
000007000

900410080
306000071
400806000
007050940
000000705
503900060
000700006
000000830
090000500

002100007
100250480
080060000
000036000
004000010
800002040
230000000
007000000
001084050

400000080
010029000
000340000
000000000
605008200
024060090
200003500
000680000
096002301

004053090
980010704
030009050
000085010
600170008
000000006
000000000
071030000
400000007

820000030
000300508
060000000
000070005
580100070
000200091
000000700
703060082
052780006

000071064
810650000
000000008
700000400
080040005
002100007
350000001
400000700
601400083

201000800
006050000
000020004
905060000
000018000
042000000
017006980
000009506
090007100

000450900
000702580
200008074
070003650
005009000
346000000
700000000
423090060
009000000

054000001
730180026
020704000
000000000
010807005
600000080
000300000
000200340
080041200

000600007
005000036
040000900
000097408
080500700
000000020
350080000
000030060
070000092

060703000
980004000
500008007
000000008
098600030
630000740
040000000
300000260
000045809

000050037
028701500
050004010
080000006
070406000
500300000
040000250
807002040
060000000

700205090
295006000
068000000
029400000
300020006
000900408
830000000
052070000
400800700

004106030
001000800
653002000
200000401
000600050
000000307
000000070
360208000
508000000

000040103
070500028
000000000
000000039
500200000
200070510
000390000
005008740
041020000

800040200
010000700
700806100
630408070
170002000
498370006
000600000
900000002
040000003

204700500
000004090
097051004
000000230
001000009
009500000
000400001
600037000
402010600

002000100
000320580
805000030
003086904
906000200
200031860
000160000
009000400
400000001

305410008
040000050
010090004
700080000
050000300
000100092
400000725
000000089
579000400

018700503
009500801
000000000
045830070
100947600
900650000
000000080
000000004
830000709

091000020
080000064
420007190
007004000
009105000
618002900
000020078
000040000
000001000

008500031
009030000
000400802
710000008
000000020
000325000
000200017
000090000
200701504

005100004
000096800
004300060
250030000
000001003
060000000
040020081
020008040
390000200

803050100
050000006
006834000
460073020
002500000
000002048
000720005
000000081
000000002

003450090
900700000
050001000
000009080
008105004
430000100
009002000
801900040
700030000

360012000
004000000
012070000
000004302
057000400
000080050
003006500
506830140
000040000

023000000
500740006
607000000
400020000
080304000
000900000
860005027
009607054
000009800

040000000
081000607
000400103
070000000
000000508
864030001
607500000
000012005
003604080

000801003
000740050
000030000
030970041
000000000
900050000
000008004
005096780
084000390

080040700
200306900
700000032
002009050
000080000
000000078
905000006
000020000
004000005

000003009
100060000
090000400
080000005
300506120
000080600
530024810
004600200
000000300

000590600
001000078
002100000
000200900
080070000
000000780
510000009
730960002
906050000

000103600
084270031
003090020
470000000
002708000
000910000
600000247
009400003
000000800

000528070
006000080
000040302
000405023
000060000
600270000
400000000
200730015
100000437

900060745
000240006
106030900
000003600
000900453
000000000
009007000
003000100
010456000

000790208
003000050
010008006
081002000
002807500
630000090
000500300
008001000
000000020

100000000
079000008
800070000
000521670
000003050
007089000
060000020
380006500
000032100

200000000
010023050
008070000
092500001
000008203
000090006
051030000
036000800
800000000

000900000
000020030
003700680
080070000
006300000
057000028
005081070
010000005
020003000

508000000
030705009
720908030
000000007
000076804
003009002
000502073
000860000
060000000

070000020
003000008
008100300
000000816
006000400
004020030
040068070
080701054
001003000

100402037
450000020
007098050
000070000
000300000
200009045
080531000
000004070
001920300

081040030
007108900
040600000
000007002
100000070
020034086
000020000
300009000
402000000

024603000
001740306
070000002
040005000
002000001
105024000
000000010
900056000
000209500

070000000
210400060
908237000
680000400
000679100
000000700
009006001
036000000
400000020

040053800
002910040
000280005
000021000
080096010
003400000
010000900
060000000
008500600

080000003
090500020
600008100
000300200
000204680
800000009
000100400
031092008
000050002

000670100
060081759
000000000
006090800
000120905
000050020
800019040
090700080
007200501

070002500
300000012
000000007
054000600
907600020
000051009
090200006
000013000
020005030

130680520
040503000
050120000
080060000
205000600
000300810
000010000
000090180
090000004

000030050
760140000
002600004
000003286
500700000
030400000
003000040
000000301
410000765

004000061
800702003
010060000
020500310
006020805
408030007
500300000
080000002
000040000

700261000
020000071
009050040
912000060
000003005
400000017
007010004
000374050
000000002

000000260
081026000
004000180
700062009
590080000
000004000
019200000
400007000
002000010

720104300
000050020
000700900
900000002
053400700
070000605
690230000
100060000
005000000

000000000
008090572
500008913
000300725
040009001
000000009
030570040
000001007
020080000

006500030
000000900
000040205
000001860
300000501
000420000
503010008
104080300
020006010

080300070
002084000
009700040
000010000
000008290
007930601
300060000
006000080
900200703

000009060
180000040
000780000
000050080
004300100
000061050
908640075
405090000
600000430

040000001
000000000
900000005
106589004
400100200
090600010
600407000
050010060
009005070

000100300
400000098
300000060
058070900
000410080
000800600
507000009
030004100
000608030

000003850
900006000
400800200
100500090
090020000
605000403
046900080
030050900
000000000

000000700
200009005
090160203
500000600
000006008
720030009
005002006
000700000
000081500

000000000
009308400
003040009
700090200
402005900
000600050
600570300
000200706
004000000

000100000
900020004
040000050
700360000
006000100
000901035
000000000
050740901
000230400

000000000
000603702
002004000
071006000
030008009
940070800
060200430
080000000
100347008

008000031
001720000
000000609
200000100
030197000
000080000
600070003
500800000
070930020

000070520
012000604
900800000
800000000
060010000
200050807
506002008
040000260
000000100

000000008
304070000
120800500
700000004
400010253
030620800
000000120
000200385
000000007

002050000
900300010
000010090
008000320
050030081
000006000
801000000
200507000
790020000

004072000
100000205
003000400
340008500
000300080
008140706
000000170
807000300
010000000

510000084
000000100
068000000
780000306
040000000
003410007
002600700
030800000
006003201

000908010
930010650
001000300
094000000
006005000
000009000
805000060
070803000
003506970

530068040
004009080
000000060
090000000
000200300
001090002
000803020
052010006
010400900

800300000
000000504
004080600
010075400
070003009
306809070
003008000
000000740
000640000

320069004
060000270
040000000
250000639
000000805
008000020
530007062
000006903
000005700

000190000
200300004
800020900
900000510
605049000
308500000
006010003
000800000
000430029

070832540
300000000
001700200
000000010
005001300
002050007
000090000
000300408
890400030

000072090
090401050
000090401
104605900
070010000
050300012
000000030
000003045
507000000

000095800
080000024
603002000
800000000
050089002
000006000
002060070
340700056
000503200

603905001
001000004
090037068
400000107
100000800
030500009
000071000
000000970
000006000

300040000
000000000
000207094
020000508
000832000
000060000
430000080
097006040
502090076

001040020
060800091
940000005
108607000
050102000
200000070
000008700
000005008
000200000

040000000
950070400
003920000
400030820
086000900
700600040
000006503
800093000
000400000

260541800
000700006
030020000
000307005
050400000
003050000
600100030
820000014
000008500

008730500
007042060
095800000
000093050
060400300
000050000
800007900
030905000
000060003

030020561
200005000
010340800
800402000
000068400
300000020
000010000
700003005
000570004

307000001
840005000
006370000
730006000
060240000
500000004
000050003
000600700
020014000

003040008
040006013
000300950
008502030
010000200
600804001
809000100
000000060
000400000

040300000
805004000
700500000
429000000
000008050
060900037
972050080
000070000
000609500

019402000
000070000
000068000
040700000
003024009
600000010
700300891
090100027
800000400

420000000
900000010
000187000
080000730
200500109
003009004
032000070
005000400
800010050

051309020
000060103
006005409
300000040
020000000
004920607
000500970
000000000
067000000

001306000
000000080
730090000
080003097
000060000
000704300
060009010
100208006
903040000

060004000
005200700
008000004
602407105
050000000
004860000
097500000
000081200
001006007

000050002
015700090
020008100
008000000
600002000
000090000
030570609
050000000
080009270

300040200
502001040
000000070
008000060
040000100
001560002
000008005
000020036
004700000

001000075
800100040
000000000
047000200
000000000
600200483
304070020
062504800
050003010

030610000
000809005
000034000
000050160
401006002
050008000
000000080
520000400
194002000

000000620
000600100
102430009
040900005
000360000
901080040
090100008
605000000
300020000

000043000
070000100
000002003
160007005
200030006
500000000
702010380
004008052
003200400

003001500
600540087
085700240
710000068
000100030
000000000
008300002
000260000
000007000

070006009
000001008
205000700
800003000
020010600
960000000
080270000
030060801
096000020

080201306
000000200
000000048
003800020
109000000
000070000
060403100
400028600
200090007

800300050
001020060
076041820
050136000
000000000
000057000
100482500
000000400
002010600

005200100
001079004
004006029
000000900
006000002
200004050
000000006
010005300
407002000

500020718
007900030
000300000
009261350
000000007
105009000
001000000
000000002
028053000

100870000
030000008
000030100
000000073
000009805
006000900
720105000
089720000
000086007

003080009
006470300
400000560
200000790
050000002
800000403
005043800
000500000
000900004

957000010
000000000
040020008
400007092
701000405
000000700
000806051
010040000
560092000

408003000
000000400
700000009
850027940
010508070
000000010
980070203
000002000
000019007

500000029
000700003
000010000
000358000
420000000
300009057
010403000
843090000
200807000

160039000
070000104
002000000
003080901
000006203
000070080
004000097
980200000
000000300

804710093
901083400
700000000
100060002
000000000
309000001
000870964
000200078
000900000

005006804
601000090
400590001
080000740
000070000
000000089
100000005
937400600
000000070

407002010
006504000
001060008
605800000
000007000
300400007
000000000
000628041
080075000

000600010
041000507
090001086
075000008
000508040
800040900
000809000
300000060
000007300

000500209
030600007
800900000
900000600
050070300
070004050
392460000
060005000
007030000

006000703
000900000
350702000
000000416
000007200
010040000
702000500
064000100
000065002

000100300
004700025
130002008
500000400
000004000
090520080
000079000
001000004
003000790

708001003
903078050
100030060
080507000
000060500
006002090
000000700
305009000
010000000

010040320
003000806
000000509
600000008
000120000
000050400
502030000
046590200
000000090

180000000
092000000
000801000
005010260
020506900
000072450
956004008
048005100
000000000

000005060
008000009
400000703
020000470
900000080
700306005
309500000
050700200
000900008

930460070
000005000
040918000
060050000
000040093
000009040
051000000
003000006
700003000

382000100
004100000
000080070
001030800
008000500
000005000
000204300
650000040
040300000

007900020
800050001
090000600
200080046
000000700
659400008
040000002
702008000
000790000

104570000
020006800
000010030
008050400
603040000
040820500
500100080
000000002
000780006

090030020
000080000
000001006
130000000
002008000
069000003
300906507
000072100
750010060

067005000
028100900
050400008
000600700
000074809
000059000
085000020
090001006
070000104

004700100
067090002
003800900
000003200
000000001
100070030
200086000
000020040
046000000

000056973
906000000
050200080
217000000
309000000
080000000
071005630
000090012
000007500

290000001
000900050
605130020
000000609
000001045
000460000
104025000
000307000
500000004

600000005
701002800
350000007
009065008
000000000
023080610
000820000
000500900
916007000

930005001
007001890
000009006
500800000
008000012
060000007
010090000
205000703
700002060

000008100
006004500
007010002
040800000
702009610
089000040
108205000
074160000
000000000

720801053
010000000
000007002
030000000
000009027
050730901
000050000
300068005
000203006

100000050
580000900
090004000
800000035
030400210
000000060
008013002
640905100
010006003

030200704
506000009
000009000
000050000
000310060
000406025
700000090
600020000
010743000

000000000
120004005
400008000
000042000
007500000
040980001
010203007
500009082
030005104

730050601
000010000
609400000
000500000
081390000
070000004
160030080
098000340
000800106

051700009
286000000
007000180
000000400
005000010
002400068
000840070
000106050
600002900

208000406
050400082
004000350
000070000
075031060
100006000
000043000
000607000
300150020

500300049
300750120
020801005
045100030
000000000
000029004
008000790
400070000
730000000

380001400
001000060
007000021
800710004
005060000
000000300
003000602
000005017
070400000

000000009
004000072
007000010
090800000
000690000
020300908
709180064
060034000
208006000

400001020
900020000
050030000
070200040
009000060
200903005
600010790
000000402
130000000

000010090
020000350
600000008
870000000
901005007
006000900
500008013
060300000
009050020

000900046
000000900
017000050
005070060
004685200
020000400
000090000
000810000
600000081

089000000
500080100
106020080
240090800
000000010
000150007
402001956
000905700
000000000

020300080
089006000
041000200
200090000
000000000
000000403
006740010
900600830
400023006

000907030
003250000
008034900
042705008
070003005
900010200
080000020
000000000
100040007

700050090
090000400
000306507
004000008
500900000
600000030
240000006
070080205
003000000

000010002
024007800
800400105
400000000
060108400
019006000
000700000
002000070
900582000

002000700
009020000
038509000
053460000
200000050
040000076
000300000
800740090
000090002

010007625
000000300
750000400
008005040
600702100
000400000
030000012
000300050
060180000

201060590
000090007
080001026
007608000
008039000
030700000
000002805
502900000
000003000

000000901
026009087
000000360
010036000
005900170
608000000
000000002
080000650
290008030

000032680
030506090
680400025
060090008
000000100
020045030
090020000
500000012
000103000

710300200
000000700
000000004
100003040
207105090
906704000
600000501
070900000
000000023

000102000
040003020
000090050
010840370
004000000
057001900
030079002
001080000
005200090

060023001
009600000
000004009
000300900
007000005
000090304
010470002
206000050
400052000

009003000
000062090
000004200
020100470
007000002
060300000
054000300
306090005
100000060

000700006
003020504
401600302
030006000
800010045
000500000
600000100
000008700
002000053

040000030
500000000
069020005
907000003
056300900
020050008
000000720
004007086
700032090

000500100
060021370
240000000
300005000
000800030
000007615
600700200
870000506
000050000

000400600
009081002
570900000
100009780
000500920
050000001
001864009
000000060
000000047

070020000
230900870
900800010
890401000
050003000
000079400
045000008
000000000
000000390

070000050
010300789
900000002
400090001
008100503
000003894
080510000
000040000
000000915

960002000
000000000
500000317
300006200
400020000
097003000
000000064
030905001
020604500

000000020
015600900
706000005
200070000
400950001
000410780
500090208
070000000
000000009

800103500
000850001
700000000
094000000
350000080
000300000
001790008
000020050
940000012

700008024
002900605
560004780
000000050
021000000
900460001
000100096
608700000
000000070

200004000
580900020
010023000
000010048
009000060
400065000
000000091
000000004
020000086

150004200
004008350
200530610
300000500
800000000
071000000
506700000
020800000
000360400

000069000
000003000
006800401
014700936
820006070
000010200
060071082
000020000
000400000

560039000
200060030
030010700
800100900
005000000
006900000
908000000
100050007
000003510

350100000
006008000
007040300
105000000
600000800
094007030
008500900
000000056
030001070

206050003
000200491
007090050
043100020
000006005
000500700
062000007
000000040
300000000

004200003
106000085
008005600
007004000
803000000
420000000
000002070
501006000
300700410

000058000
000102580
000000007
000000010
237000009
050093000
500000000
009037200
120680050

700003000
800700190
000000004
204907001
000200070
009001060
900000000
080609200
402000610

000005308
007000090
805300020
000003512
400020037
000000000
700008009
000400100
003290070

920054000
500800000
000000004
310000000
000310006
402900000
000040600
280600000
006090250

008036100
037009000
040000076
000000040
010050600
050080000
064900030
100000560
000300000

086940200
050000008
000000063
020000807
300000009
040500300
208039004
500000002
090005000

000000000
050010072
071000056
017050068
030006000
260001003
080020000
020000017
000890000

400806000
000300010
060090000
108070400
090004200
300100090
900000000
001020800
600408007

040960008
008007000
906050007
000000095
030600001
600000070
000000010
300008000
001073040

040091037
000000402
008007006
080706900
300019000
001280000
000002000
970003000
000000600

000000009
400000200
160000054
009041036
500020000
010000000
050060370
000009020
003014005

508609300
000004000
000050000
040000800
059000600
600083090
300008406
200007000
900000520

600907080
000004100
000860900
700100000
000020008
000048070
014603000
000000000
802000490

000040900
000000285
700500000
080010090
009005400
400090001
002064007
006200000
805000000

080000007
000100090
000072100
109000700
003204060
020800900
000900000
900000470
200036000

008000006
059002008
300009500
200503000
000000090
736000000
000205000
000010620
070068103

908000000
040000000
057000834
000406200
004005706
700082900
009003000
600000007
873000000

040002900
000010008
007094005
502700001
006400002
000009000
009007800
200000700
071008060

000000000
010000003
000400200
000203705
300710640
670005000
059000030
200070500
700050490

061580003
800032000
000001000
900800007
070000209
058000060
007000300
600000091
000000728

007050082
100002000
000000315
000040000
000000050
023005748
900001020
300070000
502003070

000001704
060000000
057008910
008700600
040063000
095800107
001000590
000000000
080300000

012040003
000008000
000510000
700005294
003000050
008009070
430000000
005000010
000270000

070035400
030008000
000104708
010090070
280000940
000002805
300200000
000380590
000501000

905800007
800000000
076200900
000004078
000605000
107000000
004060000
050008201
000700000

040000073
000000009
000000502
030790080
900100000
820004000
190040007
004300000
007050041

030000006
400003298
000629000
002510040
013004009
840000100
000280000
900046000
000095000

000732090
200009018
030000000
080056000
000200760
500100080
029300050
005010000
300000100

100500830
084003750
700008001
005102000
070060000
010045000
300000000
000800260
060270000

000605100
700900400
040008050
460702500
070006000
001080200
014200600
290500000
000000000

400060095
901004068
065807000
000270000
000908020
008041000
000009007
000750080
000002040

090158006
001002470
008004000
000007001
000510004
070020600
009740000
007605100
060000000

708000000
050000831
000004090
405008000
900100000
000000176
000300000
370000045
000041900

000010080
600004003
009230005
090000000
000023040
100080260
003040090
080000510
060002000

100046200
000000000
070030000
000000030
508070140
000804000
803060020
061005700
740200080

000000052
000870190
020000700
000000009
000705204
900240010
108000005
000060400
000100870

600000802
035009010
480006005
006005200
000900060
001020008
000000001
200300500
000000630

000460001
000000700
001057203
000002030
000078065
005000802
800010300
060005000
000804070

005090000
700083000
000014900
000350800
002000300
057400090
800125000
400000002
000000060

700009000
008200950
002030600
200000700
070650003
000190060
910580000
006900000
000003000

030050900
920060300
500000167
000620503
000010004
010500600
470000000
003000050
000207000

800061500
036000000
900000400
500070600
070180050
004500000
400700000
780005030
000630080

001204080
002198007
000000009
000672000
000040000
000000001
104800096
750060000
800000050

007000008
002070690
060000704
003806000
009100030
800000000
100040000
240091000
038000000

800040600
000009000
136078000
000000400
370000009
900107300
600000900
000000007
049500016

008007000
010006003
200005160
096008005
005103000
100500309
000000920
003200800
060000000

200000139
800000074
000003000
000090408
010000007
000080520
940500000
302008050
000070002

000008000
000310059
030050701
000040005
160087000
000006000
003000000
079005800
810004093

050090010
000000040
390010002
100000300
000000709
064000020
000009000
973160000
005043006

100009530
700021904
400000001
000005000
800403205
007210409
300000000
004000000
090050700

000006050
090000037
106090020
000003080
800000900
002005000
010070000
750109000
603000000

080003042
004780005
900002000
000010000
005000001
030000020
500800100
290040000
000500070

100700390
000000000
090000500
008004000
000000000
715030008
070840902
030209000
001075040

000340067
000000050
000002300
520000800
004006009
080000500
400090700
070800002
000200004

900000000
540070903
078030026
004060008
000003007
602009300
000027000
200800000
000004700

792300000
060001000
000400000
000000000
007000098
800090430
020003800
406008100
000000740