
006008021
800000009
000301500
300002970
001590000
600700008
900005060
000000810
000000003

280000010
000029000
000010800
600080100
095400000
000907060
800200000
000046000
916500400

000507000
006021004
010000000
001040006
080006050
000002800
500400007
000000000
000900261

000090080
000060401
050800000
001730000
000000060
090005010
380000500
019300007
005604009

200670040
040800000
060009005
520000900
904000000
070000006
050020009
890060000
001700080

200000000
605000400
000020005
820740100
060000000
504800000
013600840
000307000
000000027

103000200
000042860
040000009
600000000
005600003
010008450
030080000
500006100
200010005

010006000
200008640
940070000
004200061
600980050
007005090
000000004
000000010
050000027

040030260
306000500
100000400
083200000
000050000
020000080
000490120
600003005
000500390

007006400
000010809
000000017
020097006
800060072
500000000
004900200
005020600
000008090

000000039
000090154
007400008
000004591
100500000
009006300
006050800
900700000
078000060

800020004
004000015
700040000
000000029
001009308
000007000
900400080
007805941
000000000

270000009
000100000
006027000
001900000
900702000
000064000
400003107
600000094
007005302

648000070
007210406
000000009
005090000
001000000
280104000
064005200
850040090
000700000

804005000
053000200
010000000
180023400
005000000
002406000
030050092
200800000
040630008

000300001
208065900
009020000
106003009
000601703
050007800
000000000
800706005
005000000

000200000
000090100
000004000
072000400
039070208
608000000
040086701
800009302
097300004

600100007
902800000
010050090
000090000
000020170
240000008
000000940
050086001
000470000

180007020
900060080
420009017
000300000
000000000
000008009
802040300
034802000
790000000

827090000
040280000
300000007
710000000
000530040
200001800
000800009
001004500
080300000

609800704
057100900
000003500
090000000
074000008
000000000
000600090
140900050
000308060

000000090
005004000
000012060
900600170
000000030
200407900
710209000
460030000
000000017

000005000
070000010
020306000
000050801
038020000
000000607
350140002
004000060
200800504

006140000
004300000
082006000
020060437
800012090
900003020
000000100
000000004
000900080

000305078
000047005
005920003
000500300
800400109
000000000
100080090
507094080
400100000

010000600
900000000
006004023
000000010
003000087
847103096
070000060
602308000
090000008

006000002
100030075
052000100
700000000
680005700
500380040
000000000
000460003
000200068

703600040
090080002
600004830
000000000
345002009
029000600
000000000
006040090
034850270

500000128
020100340
000700005
073000000
002080500
850003704
080000400
040000000
006010030

000200703
750008006
090310000
000090000
500002008
960075020
080700000
600500000
010000600

800200070
000040001
004005009
070100003
002000000
010927008
009008000
005000000
480073090

100000000
000007060
390004070
000100000
702003000
000809130
020000908
030090007
000406003

000078020
000200000
040300000
807000009
200600000
060009004
008700060
006090000
019002030

001002030
000000005
750013406
000000910
014670000
000000007
009000000
402500000
030020650

130600000
006085040
000300006
000402700
800000000
000130000
200000451
000020000
008560370

000030001
000027040
600000730
000090400
304172690
000000002
900000007
081000300
203060000

305010000
180000007
700000004
420180000
900043050
000790038
500070000
000000001
004000200

080100304
000070009
400800000
030700020
290004800
000020000
800090030
967000000
023007100

000300960
300000007
070060001
004070006
000805000
730000019
500003000
000900040
000000800

000400010
012800090
000720000
000003460
080247300
090100008
000000040
100000000
904300002

000000508
080005190
600000030
700030040
030001000
060780005
300000000
050000000
410058903

000905080
000002650
200001030
010600000
000010006
000809000
060000040
002003100
130540908

017400009
000105070
090030020
020006040
001702030
000000590
300000000
070200050
600000000

000000030
000700402
000913060
007000000
000000053
540200900
000000094
006030507
000104600

500200009
004000280
030900070
010003000
950000001
008710400
000007025
000034000
000000000

000090704
003004060
000008010
800009000
614000905
000030070
500860000
000041000
780003000

030007601
046021000
020000004
000470050
000000000
001800003
000000500
058004030
000308040

000000030
010008024
003050080
250000000
007340800
001700090
020000000
709000000
800000401

070100403
001000007
009600002
007020640
003000009
050010000
600300900
000040200
020000035

910807000
002900000
000003000
009000270
500001340
048050000
000004900
001005720
003080000

900800000
040090002
000000000
010000000
000509008
502000034
003006100
096100080
420080360

760200803
080067100
000300006
007020450
100000000
000000300
000000060
634000208
008000704

000040000
700000001
029015073
001000000
000000309
000000820
403029700
005007000
070008500

900804000
005600010
800002900
000000607
092007000
000050004
004000089
000000070
689000040

209070060
010800900
400000081
627410000
140380000
900026000
000000070
000002340
000000090

002370008
308050070
006000000
020000567
000017239
000000001
090020000
600000000
015000903

020000095
189005230
000007000
830000009
600300010
050060000
300000700
078000020
000500006

000008900
006100005
000400802
090000070
025780100
000000200
000076000
508210000
000004500

000030984
300207605
000009000
400006000
780000009
006020000
247090000
008000000
060508000

000000600
870140300
004007010
400008020
680010930
030000000
000070000
069802000
000906000

090000001
003000879
840000065
000605030
508407000
060100000
706000090
030000000
015900007

650000900
000000802
000461530
800010290
040500000
000029040
002086000
000100000
100345000

064090000
000000080
900041050
030805000
000060020
600400000
208000090
500030000
000200016

100000800
006008052
000206790
305000000
090500010
200000070
003000020
702100000
900007180

400000000
000000000
607030050
800050070
003004018
004006009
040509080
009700003
706008090

009800600
000000000
570001940
000005010
047090000
000000000
090602178
060000005
000580420

051060009
000040610
009001807
000006000
003000400
000007000
300000704
008000930
604900180

400000132
010060000
705208600
300507000
000140000
000083000
000001080
002000000
140806350

050000000
000064700
900700430
370020069
890046000
002900080
030200000
000000000
200009500

000900000
900540002
001060003
250000040
000400000
007300000
005700460
060000037
030009510

000003489
360000002
905000000
007009000
849000006
002060074
000004700
006000000
020070503

080906040
010000000
000280050
090060034
400020800
000301000
200090001
000008005
000050309

000090007
000240000
000308000
600000000
000060403
100002070
804037602
207100080
309000000

208097300
070100082
300600190
900000000
000023000
050008610
000000038
000000060
001000005

000400931
000003840
009080000
000060002
300009000
000124090
000047010
070010600
900608000

030140000
004039000
000702000
500080003
000005709
000300204
100200000
070008090
000090040

000060800
070900053
001000400
700500001
430801005
900007000
000000008
000300107
009000600

130000000
204000009
697020000
700000041
000031050
000040930
420000506
006000000
075900204

403008000
800704901
000025700
030000000
245000010
100000520
000000000
018000000
500900207

069010000
007002004
805009000
700020009
006000010
000670800
000001000
240007080
000900000

005100004
008200100
014080507
320900005
000005700
409000000
000000000
003000082
090010000

900000002
260000100
010026508
000040300
600000080
040000000
000430026
100900030
000005401

060020300
904006078
030000200
000000030
047000090
000800024
000004007
000930000
080710900

405002160
036090000
002100090
200000700
000004600
060030009
504006200
000007000
000200000

000290000
900006000
004500000
050078200
020000064
000000000
010002980
500000100
086004500

100400050
002010030
040827010
060000000
080005004
300200000
001000000
050034700
008000600

700000045
003800600
510006090
090037010
000600304
007050900
039010007
000000000
050000000

000070000
902500030
005008000
000000090
007401053
018300002
020830040
004705000
000900000

000003000
090000007
050000010
004000030
370190500
020080700
015040078
000710024
400008000

057000009
009704600
013060000
072000400
000031000
506000001
000020700
000415000
000006000

000000340
005000060
043207509
000500900
090000003
000400086
000063002
002000030
070000400

020006000
000049060
400025900
103000007
000000052
002430190
000000520
015900000
040000079

400030000
000009070
000100530
850000090
000900003
007401200
025700910
000000004
008000005

003000520
706000000
090510007
000040000
004000006
007020910
009600000
540000209
000050000

070200000
001030009
208001040
050000000
400000000
003007401
010080970
092000085
000320100

080504026
010000708
067081094
008006000
000000050
000017000
006002000
052640000
900000000

050106304
100080000
002007000
001308005
706000000
005060043
000024000
000000000
000603500

050000000
000080003
008000009
700030002
900060050
206500340
000650004
007903800
004270906

091000000
200000030
000000104
009600510
030000060
058004203
080000009
903020040
046000300

000001500
040005789
000000000
002100000
008570100
000060095
000000070
080604200
500000401

002003504
005000000
040260370
000000000
060030020
010070639
400590006
020004000
900006000

000345000
004070905
000000000
060004002
230080000
900000608
009050470
020700000
007006000

010002008
000900540
000004090
001030007
000000800
900710000
005000130
270000400
000008700

006000000
300000000
002306450
005700020
003940700
070060010
009150070
100030000
207400000

007005100
020000005
000029704
080700009
001080000
000000002
070004000
012500000
006002580

300000080
091080020
000027950
069000000
000075000
000090608
000060007
003008010
750000000

000500002
790003500
006072038
000090000
870000000
000000086
001000000
300206900
207050001

000006020
030000000
501002000
000030082
020000009
000080601
700001300
380067050
005000070

000000007
600000000
004901230
000096100
307512640
000070005
090065704
200004000
006000000

800001009
003407605
006080000
004000000
600100030
000004000
100000006
500300098
080000107

000760300
000021000
000900600
824000010
009008730
600000400
200010000
030000090
060403000

402006890
006304020
090000006
060270900
807400000
020030000
040000000
000100000
910003670

000900800
506000000
000200000
790000010
450090006
002804509
000107600
000085004
600020005

008001000
090805060
003604580
000400090
000006007
319000600
107000000
000000000
050009840

470000090
201000050
056040000
300002106
040009000
007001000
790000060
000090201
000000003

010060890
509230401
630000002
000000008
065000310
840000005
320000086
000000000
108090000

060000000
000000000
210070005
000208900
000006050
900000100
026500790
409010002
007600001

000001089
000000250
000857061
983000000
760090000
000000002
300000006
610035000
000902000

000000030
000680005
073000000
000000620
000004000
000372008
008020079
490005003
602700500

740000003
900000070
030060500
620009100
000400600
000005000
190502000
000000000
050391002

007000000
410000380
800000945
000520700
100000050
070000000
005970008
300205000
001008004

009700020
007050090
000000400
000200060
000500801
080007004
070000000
600008059
820005000

300000008
250000000
047000000
904007000
000030000
030458092
020000000
000904780
000800600

000100000
000004980
000000071
026003790
003070008
409008100
604009000
100020000
700300060

000900406
001720008
073000900
000008040
005000310
000030000
012600000
007000004
000400080

040086030
801230790
020700040
000003100
060000900
004000020
270600000
006090008
000300010

009000000
000036090
020087000
000065200
003002671
000000000
601000009
000000105
008073000

006037048
000900006
540800700
010003500
900000004
050000000
078000003
005010400
000048060

900140007
076309020
000200080
080400070
009007100
720010000
230800040
040000000
000000000

000000010
003500400
150003000
004008000
200005081
800170500
000000020
007000000
060700040

400851000
600002010
000000400
079000000
000100006
000008070
000000090
900205160
000706052

000076410
030000006
040010900
001600500
000905060
080000000
000000308
900063050
000057040

000030905
000900020
500002000
040009010
300070609
960020400
001003240
000060000
000000100

027000008
083040006
090207000
000004957
000000040
009700200
000000064
002005000
001090300

025000000
897200000
000100000
010890400
608000000
000060000
080970240
004006850
200010907

060000083
810200500
000150006
000300670
020001000
000980000
000800000
500600208
000075900

037090200
600000900
009001746
000006002
906000000
013005000
000010050
050000004
000700010

010004060
700000310
002650008
084005000
000000100
025010047
000000071
070000000
801000605

618400000
020051008
090670000
000000004
000520800
870000012
005080400
060004000
400200070

000000000
095007006
187000000
058020091
900600400
200000000
062080500
000040062
000090018

400058093
700040002
950200000
000000005
008019200
001380004
007090000
800002000
300000009

004200500
600705000
800401760
002800490
000000000
000007050
100002000
000000019
908100002

002600000
019085260
500004380
000010040
000940010
200003000
080500000
000000001
000269000

007020050
300100070
009064000
000003000
513200000
740000100
600030020
000079000
005000000

004010030
107240080
090005002
040070000
000001000
082903050
000500000
408000000
910000008

040030005
009007001
000406700
010000000
054690100
007100340
001003060
030000000
085000000

010003250
000000009
408000100
000000001
000010000
004020060
000380020
009004605
086900004

020000070
000096800
001008600
200100356
000073090
009000000
050007000
000021003
030000502

000007001
017000940
093000086
000048675
000006000
040000000
060000000
000503809
039800010

400080090
000060507
000039020
000070000
006243080
020000000
090000000
704050000
538000000

984005200
000070000
507040060
836000002
005700000
000039400
000000000
000000386
008500007

208607000
000000000
700258040
000000000
030070068
070489000
000930007
050000000
080002305

060009300
000000010
000071000
000510040
000706900
000000020
040900001
920060075
310047090

000008095
040000000
009600430
400050063
000000027
806000000
724000000
500080300
000209004

030014080
015000070
700000102
000080000
004000805
000302060
020037004
000050600
000060000

400000000
810002600
000001350
000000034
720000000
305020080
000800063
170500000
006000005

060800400
000400190
840010070
106009000
000020000
293040010
400000300
009070000
602100000

063000010
090200004
048600950
034800090
600300000
900002300
000450030
000000100
000000600

008051040
400000000
500030000
780010000
054903810
003500700
006080000
000400600
801090050

205060070
407900000
060000050
002000000
300100600
000700309
600009000
001007000
020400103

590000000
000800030
070000000
000200070
024703009
000065800
000309042
700400000
000026005

004000200
030000050
285040060
169000030
000000400
300010005
020490386
003000100
000000090

384020950
000319000
000000007
090058000
703000090
018090004
000000300
001074000
240000000

900000000
080000000
013060020
800000903
031000000
070608000
090027400
000040870
600300009

800607040
000010002
010402600
009700000
076240000
000005000
000004250
060000901
002000470

200301045
070002000
000400060
106095003
000100002
000003500
001000007
005000436
000000050

090000570
050000002
010000000
000089020
170420008
900007600
000800007
020054009
000210040

130802009
000001470
900000800
070060000
090008300
300900040
782000090
060000000
000000020

000006000
070081050
250007380
000000000
300004000
001805000
030000007
000200600
008100035

008004006
000000037
950060400
002006004
000008003
007090050
000300005
003009070
400000000

040020830
001000040
000009000
000200059
300700000
800905017
009030070
000408200
000000000

000430700
002805000
000070025
004000080
000518003
010300007
180700509
070000801
000000000

001026000
000000070
002900610
906007302
000003900
500600004
000704000
700501000
000090000

070000800
415007090
008000240
050000000
820005071
009006000
000700000
102000008
040001000

000000080
004200010
002019430
000928000
000000007
901063040
000000003
203000970
000082001

000000000
510000000
000001207
000090075
000602310
009400000
200040003
097200601
000160090

005000064
000000901
000010003
900270400
002050000
710030200
600000000
007400300
031000070

000035020
000000001
030200006
750003080
100092005
000000030
000058700
007900800
000060903

098000460
000010700
064008000
029000050
840100000
600002004
001000500
000209000
000070020

000700063
004600010
206503004
300051020
000300047
000000001
000278030
000000000
000004706

009030080
600000359
000015600
090003860
000000001
000000032
000000000
827609000
316020000

804100700
907200100
006000004
500810002
000070000
100629570
000000001
000400250
000000408

300000680
400000000
000270100
200190000
000008000
810047030
000000400
900010007
040706023

700000200
060003010
002080000
973000608
000030000
820900700
090020000
001004000
080006103

209000000
000009000
100050006
700100068
000080020
000023000
050618002
801000300
007500000

000000000
100060500
070200608
060508007
004000000
507004230
020000050
056870120
040000700

002000019
100300800
094008000
000000000
000007050
300000941
200000100
000009034
079050008

003040001
000800360
800070054
000750038
000000000
000030000
000190040
008000015
305004607

029300005
083700000
000010480
000008290
005000004
000000001
507000100
000052007
000070030

000052000
007000600
200100097
000079000
000040070
100000539
005260001
060000000
090407000

000930846
000600000
000084000
070308090
500100037
190040000
000006089
008059610
000000005

400970010
000800400
700031568
300000004
096080000
000605000
081500003
004000000
000000050

169000007
800000000
004008629
000000270
400000506
090086004
610000000
002000801
000602900

000040759
000000000
400830000
502004000
030090040
000000000
070000000
309025480
800360002

700061900
009300000
000000250
000007000
008030109
000500600
006700002
281000000
000690000

000000006
600000054
087000100
006009003
800000400
093010000
000071800
070000005
059630000

002300509
400020060
308600000
000210000
601083000
540000000
980050000
000000900
054006010

090000020
000300009
100008000
609704800
002900000
400002001
040600900
030200007
006087000

007036500
030000000
000000000
600070400
000000310
400350097
000040250
065012003
704000009

030100700
700205800
000000000
000057030
000009607
500000200
000000000
200703080
015080309

008040600
601070040
007501809
100480007
000050020
000102000
900000050
000720000
400010000

403000780
000090020
002000403
090046000
508037000
040025000
600000972
024070006
000000008

200014080
840370050
001508007
400200000
000700530
060000000
007000000
000000042
000000601

080009005
000010040
007020600
108200000
076108920
009000050
000060000
000004007
065070000

003084009
000300000
000007000
060009710
000000003
000510008
006090500
509703060
070800100

070009003
000002600
250700008
000905002
307800000
000010700
080000100
001030005
009500000

200000000
000697000
600800000
000053000
300100700
000700200
056000012
100970360
008000570

040907100
900000407
007040000
000000020
300600000
400000000
130009706
009100050
060200003

062008070
000000526
030005000
000052003
003000159
080000200
000003010
010607000
000800607

005000780
706004003
000000100
000000006
600000470
310800052
000003005
007026000
001005000

009070206
007000010
602400007
570000080
018020000
000000050
000540000
000009001
090706004

000020010
080419070
009807004
000000008
400108005
500040000
000670000
001000267
040050000

600000900
000086504
000900170
074100000
009400000
050000000
000002400
501070602
820000005

000600009
030040000
006073000
217000030
005030400
090010600
300001005
501020000
004000006

530000902
809000050
070000006
060071000
000000001
000620375
600000037
297010608
000000000

700040600
060092070
050001200
008000000
000000009
900000408
001007000
680020500
209058100

000800000
000026083
000130000
000200000
201307060
000060950
570003620
000000095
800000130

008000600
000080020
700000005
600004700
500900403
400000069
000070906
050030070
002050008

000000700
206100009
001060005
060485002
000670000
000090407
005020000
674850000
080000000

000070001
000520000
030001006
704009610
000000304
000010900
056030400
020900103
000000009

048009000
100000008
050060300
980001456
004000010
000000907
600400531
000000070
070005600

000008200
000560090
080302560
002000600
906000430
070000000
297000005
040080000
005073000

002600809
006090005
008470030
560300200
200000340
043080000
000009000
070800960
005000000

000020000
050080600
000500000
000000400
076000012
200040058
108205007
030460001
602700000

907010030
000600700
000300800
845000090
310070000
000005000
603809000
480700000
000034000

080000000
000010702
000807106
000501000
600090300
010002000
370000008
000900000
001038690

105020000
900100000
060850000
400000600
510400080
006090000
300004900
800300460
001280035

500000000
302600851
108090603
000906500
000020086
000000107
900000000
000800020
831000000

420000108
000025670
006000000
500000040
000041000
000700000
008302004
300670000
601080000

000000860
546000207
000000000
100002540
000905006
250014009
001000052
000800000
400009070

600040000
705009020
013070509
002350006
000004300
060000007
000000002
000002610
000000730

000000006
001600074
000020038
540002000
800000750
030006000
007080000
020003010
000010827

901000070
050000804
780003012
000000000
000029500
800000000
000030000
003012007
009087420

760800010
300075400
480031090
000000000
593004000
000900170
800000003
070000000
900007000

600902000
200074600
010000009
000000041
030000900
000069200
001800300
002006080
000030164

790002050
301050400
048030090
000004180
000700000
000000020
400000230
130500000
080900000

000000070
700000526
020050308
407000163
000000700
163000000
000106800
000080004
350000000

000000040
050100000
030702506
100005000
000076000
006904703
064000302
000600000
070000090

008009400
070000800
900300050
004003020
500040007
700021030
000200010
800070005
000100000

000070402
009002060
600400000
080900047
200300000
503008009
000090000
008000050
000504690

400000607
000002050
060000084
080000500
203005816
000400000
007000003
050000020
026003000

780001060
206000004
009000070
302800000
007046000
800900000
000000610
010700003
900002008

000060050
000000000
000052007
802000070
490006020
006000500
604800091
100009002
900470000

000020906
000905000
080600003
070009000
310280500
200050600
100003000
520007800
000000090

700900500
092700040
050080000
040000090
000050020
000000807
000004900
080506170
060010080

700000090
040608720
000000400
000000000
400000000
206700080
800406900
060807005
900350670

002000900
000095020
000003087
071400009
000000000
040200105
030810400
050000000
409000000

000000000
710020000
080070310
070064200
005000600
600300408
830007000
040235800
000080007

000920000
700400000
000000245
042000380
000000052
090700100
054200001
000805000
001030000

900001500
067020010
080000406
100004002
400500090
000018007
090000700
002050060
000000000

004000910
800000420
900004030
300500000
216803005
000061000
000028000
048030000
050100000

500902040
000480000
003010000
200003480
070500039
400020500
350200000
020041000
010007000

009060000
300080000
475000000
040002600
000000089
002070000
706040005
000038000
900500003

001098200
000500000
800142600
200600000
000804000
000000000
540060802
080230900
060000310

005060000
060000530
397005100
070300601
000104008
040900007
600000700
010090403
000000000

004009020
000840093
000000008
100000050
000300900
002400806
000200000
005908300
209010605

000800001
000000300
008604790
600300900
000050000
130080004
006400537
000000000
005009840

004092005
000760120
009001640
290080000
000000000
015000000
802000000
070000200
400600570

000006534
570000060
400009000
300000050
708060000
000510040
000300600
010005000
000170490

060000005
000820706
000000008
000703000
870050400
500000600
700200100
040030800
305104000

000000080
800043200
004902013
000000009
090108000
001004005
000030060
080200000
009010420

000200004
090051080
365090200
000000100
000000040
008000560
080600000
400013000
006002093

080070000
300402170
270001000
000006000
008000503
000043000
050720010
000305700
000000240

030270004
006003080
200000000
340800200
019004700
000000000
900000008
403000000
020340061

700002900
040003001
600000002
064701003
070020004
000400000
500107000
030905010
906040000

010000004
000190030
006080090
460050003
030900050
805040210
002000000
500062008
000000000

090100002
000079060
000260000
030680009
204900700
060000810
870010400
900302000
000000000

000000900
800000500
093060108
300006000
010403050
500020094
000081000
900030200
200000001

080001060
310860005
000405700
800007140
000000600
050900003
000000007
000000000
490000010

080000790
040000000
000000080
070021400
030700010
000903620
000007006
820040300
760019040

300012000
005900000
000000195
000006208
030000000
000000761
000067009
080003000
200800670

008703005
596400000
000600000
004000000
030000060
805096030
200048000
000000004
309002000

900000000
000403900
480670000
000005690
000100007
000047030
009300058
005000006
000086000

003000080
809400000
000100400
000000000
700360951
000090378
000910000
000000807
680070004

000501000
100840000
000000000
860090200
304000800
009000005
403208610
000010002
000004059

730008602
009500001
000070009
010200300
000063008
000180006
050092000
600801090
000650000

180002065
603098000
720000900
900007300
276000001
000200000
000510080
000600000
000003020

000000820
000000001
090000400
002604000
000008630
100503090
008000200
000400009
301800000

000090052
050300010
200850400
000000000
107080000
900010020
504000000
000040795
003000800

600000009
001843060
203000000
700200000
000060000
010907000
802070004
000300900
307026080

074000008
005806000
000900360
030001900
007000000
500609043
000400000
000010000
410005080

000002009
002090710
000100040
004000008
730900100
010408927
000017000
000000200
807205000

000760000
007403008
000000370
080300200
100800050
000002700
000000046
010050002
000106000

000083050
000610000
000000000
800750600
040000310
006004009
600000090
409508130
310000760

000000076
701009500
086020000
000000840
000000002
000010097
000090000
507406900
810000005

620000100
008000000
010480000
580040000
000207000
004050000
109700402
000060070
005000901

000030084
010090050
300007001
000000030
748000000
100806700
000000000
080350010
950010000

603009010
907021300
200000500
000210000
800070093
520600000
000950000
000030005
000806000

000009700
000804000
392000010
900008050
400000000
020030000
000703000
705040100
003085400

804000002
203145080
001200009
000000000
000051000
502600000
009000600
100860024
460900050

000030600
504007080
020800030
000000200
008000900
300006050
400000860
200450000
000098400

000109006
001026040
820000500
050004030
009030000
000000000
200003000
040010308
000492001

309020000
100603000
040000702
000046300
000000000
000871490
260000000
403200810
800009000

080600005
000000030
000000000
810500760
407080090
500000000
060005104
700130080
001008900

030000005
500109000
019070600
200005300
000700000
090026710
000000082
006000000
073000000

200000000
038000002
540070060
690508000
080003000
000006005
020800700
803000400
000024050

000000108
001600007
460007000
500000000
602000700
004060512
000708400
700000000
908024000

800600704
600370805
009500600
060009003
070860000
901000000
400000500
090000007
008000000

000000013
000000940
003000205
004000800
860230000
030059060
529000000
040006000
600000590

100003006
000000000
000826070
080000200
052480000
000002700
700000040
630500001
000001000

039000004
008100000
706080009
070012000
042700000
000009000
080040007
090800000
600200100

000703040
180005000
600028005
000000000
000407001
470500203
730000012
010000080
502000004

674000300
008002500
000000000
200400060
006800000
300027000
500000690
000004000
040300027

000100700
006027900
009005802
000500090
320000000
000000070
050009380
001200060
090306000

070000509
000080400
410750008
000017030
000300000
020500000
000020007
030009240
080070900

900004080
003009010
000070306
000003000
000186500
006000008
057000600
061305007
008000000

604070900
000604030
000000000
000020700
006010490
073006201
040500000
000200670
002390000

020500000
604809001
007000050
080000000
000400006
100200000
005040002
002000097
400006100

000000000
000900850
009300000
000680005
700000604
800007030
200450060
570860000
038002000

000526000
520003008
000000000
000100000
350040600
048030029
009600000
000081060
000050090

080900420
040002000
130000609
900000034
654009001
800000900
000300000
000080053
000050000

030607009
802050030
900000005
000710000
000000610
008000003
105800006
006000078
000001300

054603000
360081009
000050000
870090035
010000000
000507400
040000060
000009070
000000350

000030502
703090068
008600070
402000900
079000000
050000000
600320000
000045700
890000000

000000403
610004007
240030500
308507000
100000060
000016000
500020008
400000000
000870000

007350100
000000008
023010500
000008000
075000000
000001840
009000004
701000950
000035007

630500000
020090050
000823007
000000002
000000069
900000000
002780003
360050000
400900080

000000000
000840165
200607480
000294000
008005000
000001900
090008510
020000008
001000270

037000084
900000000
006000091
000009000
001070060
700002308
003200000
260000800
409780030

000006300
120000090
406390008
000100200
000503000
500048900
000420105
000000006
005000400

100900020
340520900
000000400
000000000
085000000
926001040
030050892
000480050
000000600

950000000
600042700
008000000
021006000
500704000
009000001
785600004
000020007
000009105

430008000
008000400
010500003
000000080
602000000
753000602
070002008
520000300
000004100

000000605
060080000
000000030
009600001
080405700
000010380
670059000
900801070
050006908

000900100
020070000
000602000
040001000
670000000
102030006
098700002
213008700
000300900

000400000
000000028
000079500
400003090
000500047
800700030
093600004
000000070
050204000

600900000
085034060
040260008
200008000
000000500
000020900
000090306
009402010
400013000

006000840
007004003
003800600
208000470
000100008
000000002
604030009
090006730
800709004

703060000
900000500
064000000
000000900
500641000
401000000
030006005
007105480
000300079

000000340
210400000
460000050
500104000
000090063
070050009
000000631
000700000
640001900

000000030
000000100
730000089
050930000
007106004
900004060
403700005
010000900
500000810

046800010
901000060
080004050
650000040
090000000
007000000
000180600
000570024
002009001

260100000
000507000
357040000
000205870
080000000
020030046
000010050
043000060
801000000

000020060
000100050
000030000
002000003
800005000
001090520
006001008
500062070
900780000

200007053
001000400
040030012
000000000
607000038
820000700
400800307
030006040
000020006

000004003
600809000
090003260
031408900
004000800
200010700
040602009
000001000
070000000

008000007
002000030
057002001
830000000
016500000
000800340
040000600
600040528
005000070

012005907
000089000
000100000
800090700
300706058
005001006
008603005
000000000
000028001

000410007
005900000
004002005
320000801
007300004
000008000
500807002
200050009
900001070

000000063
003720100
000508000
008000005
006980200
000200000
801670320
000000008
007052090

460000700
085000020
010002500
004950218
001004070
900000604
000180000
000000000
000600801

070000050
080002004
050640000
035470020
000200060
000000508
000000289
800009073
000300000

000630000
080090300
020050901
005000003
708000005
010000060
000560007
200000000
803001000

000800030
000020008
004000670
702040060
006000400
800000001
000073000
000000000
307261900

305000000
061300000
007056200
000607080
830000000
006008059
002900000
710020090
050000007

700061400
000000200
080000091
809000600
006100004
070000300
200600000
140203007
003048002

000030028
500902074
040087000
986000000
300009005
007040000
005000000
070000000
269508000

000000000
000530007
002000000
040300700
100090500
080014003
093800002
070250408
000070010

502000400
710000000
409150000
820000090
190000000
000400060
000510704
050090600
000800001

000030400
000400000
000008925
000501600
001000008
002380090
000890000
200005036
006010050

021000090
906700305
030820601
008905003
000270500
000080700
200090000
010000000
070050000

068000204
050000070
400000000
504200800
002000049
100008500
049010000
600000000
815904607

369270000
002000000
741000000
400000000
000900450
000001029
050309000
970006010
000100060

000024070
003001009
000000000
001007600
024010000
609000730
010048000
002000000
907306800

020000010
000008000
400009000
900064800
008302900
010807000
000000390
002000748
060000000

062000000
000300000
008005000
000700000
005200040
070083615
400000007
030600000
000020801

000082907
000000000
029035010
100000060
500071000
006000200
800090005
003000600
000700030

000300108
006090000
000000000
009526800
600080900
700009030
025010070
800000050
090070600

040200000
002068010
000054000
014036020
900540000
600001000
501000000
000800600
030020150

000000061
001508903
930060500
500000087
003000000
060000000
108035490
000010000
007900800

020003000
406500028
000080000
000000084
742800600
608005710
000700005
070000040
000430000

607004590
109000070
005000086
800040000
000007004
000600020
000009060
956070210
000001000

380900000
600382000
070010000
700001086
500623007
000000200
000008000
000000520
801250030

000000000
065300079
070400100
000000003
000105700
000007200
100020000
040009506
006004302

803064000
002080040
040900306
000000802
007000000
480000070
000030060
060598400
000000538

700009040
000054000
106000030
000000000
300097060
270003004
020305000
000020659
000070000

008000030
067020004
900050007
000006000
020000978
703000060
652040000
040080050
000000402

000709000
200400300
060030401
010000672
020904030
300000009
040000000
900008000
008000700

006094000
009008000
000027005
508000007
000000053
230000400
007005600
040006000
900240070

300000970
800004000
009350206
002000083
008000420
000000000
700006500
043002700
000070000

807000940
600800010
004709000
009403001
000100000
063070000
430000800
002004000
070000006

090200000
708000051
045000900
050040309
003001080
000700000
000074000
000000740
080000205

530009010
070001062
020300080
000000000
005008090
090000000
006010700
900720800
002090031

000001000
015000070
000000058
029708003
150900200
070003040
030290000
090000000
000004901

704000091
000600800
008013700
400009500
030000000
001020000
000057000
600000000
357800000

070400003
004009820
000000090
820030074
700100300
400006080
900700030
000000009
000000640

030000760
000050004
000280300
000500000
740800000
008076000
400000503
570010200
201040800

007080400
040000001
800001200
096740050
000050089
002060007
260010000
000000000
078000000

030007004
100208300
027004010
000803297
003705840
000010050
071000000
098000030
000000000

090083010
003000000
000902000
100040002
900027003
000100045
070501800
008070034
000000000

806007000
000409760
007600018
000000300
080000000
430000100
091008000
000100473
300050000

060283000
000700080
200000010
000378000
082600000
605001007
000460070
000002000
120000500

030090004
000000031
007500006
056000490
000001052
000000000
200450070
070000000
905603000

009210000
081300905
000000300
000900050
630000001
008000007
005090632
003005000
000070008

810006000
000000004
005000000
108002049
900000300
630901508
042065003
590000006
000040000

670000000
401700005
000009012
290010000
700002040
006000000
500000900
967000300
000607400

000010005
054002000
008007600
000100000
170500020
900006800
000090250
002000407
000008000

090005000
000306004
203070000
000009051
050003000
000020000
000700045
400000090
000051672

000290100
103000700
590010008
008900000
000050000
320800060
000100500
000086000
080720001

700005902
002106030
000780000
095000203
003000570
006000001
000020700
000000000
060950000

087001504
003740000
200000000
000070003
000195000
000800000
318000027
009000030
074002010

000090500
012045009
000803710
003009000
047000008
000030000
000000802
050000030
071080400

000000000
107006000
060090000
401020890
500004007
070500100
000760002
200901000
080002040

170054000
503072060
008600000
060340005
000008000
300000080
007203000
001060054
000080000

000578109
600201070
000006005
000000000
420069057
010000400
000904000
070002000
980000500

030050000
900000703
060004100
270006000
300720910
006040500
000010009
059070040
000000600

000000300
090500417
001006000
009000020
607902500
040600000
000000100
000100704
020040035

700309000
100600380
000000600
002060430
040001008
010703000
000000809
000070020
060800010

860370001
400000003
070040060
704800326
000010870
900000000
001062000
000000910
000000002

900000100
002308000
008260400
030005060
001400000
000006008
000920003
000004050
000000900

531046000
000800000
040500000
804001730
000080100
300000069
000109006
000060000
000407390

200060107
010000830
006000000
091703600
060048000
000100089
400002000
000600900
000000302

009843700
800000000
706000040
300009000
004010900
200638000
600700200
002901300
070000000

300000521
079000040
000050000
004300010
000002000
000194005
100700200
000403000
400006790

000040000
070106000
402500001
009023500
063000007
204610309
000409000
000000003
000730005

300000700
908000000
060070058
800490620
000000500
050086000
000000000
000900804
200800003

000007000
130004900
000913000
005006007
024050190
096000025
040309010
000005700
000040000

000000000
948300000
037050000
000007002
004008000
006000079
009060030
270000800
800030005

003000200
806000007
000000500
000700860
000605000
040300002
000051043
200870000
014006000

008000910
000200040
400709000
000050890
009001002
604000500
000600000
002004189
000008025

000400563
000000200
003090007
200005000
097000050
604700892
400000000
936500070
005000000

000006708
000000001
001500260
800030006
750060003
020080500
002001640
007000015
000300000

040000820
906000030
010500006
500900400
090000085
408000100
000000000
600040308
050290040

307000000
060900200
000617400
900020800
004000030
073060104
000040000
200006000
000070080

940010000
012850000
005070400
200700500
000000049
500000060
800200000
027090001
100000600

060080070
804001003
000600000
070002000
008700150
102800000
006140000
050000000
421000507

400000000
100200079
000060400
800090200
970002801
003700000
006000000
030070100
210086000

020008004
000030012
560010090
904000301
000000040
000080005
000050100
800090020
100000038

142000000
000000300
000100700
003000580
050002000
700400002
820940050
300000007
470053000

000600523
000005010
000000006
907001000
060000000
340920060
000200035
090530004
000070900

000000000
741000060
602090801
000000790
004001008
000900403
000060000
207000100
096040030

057030000
036009000
004000000
000400390
000060850
809070040
020096000
000020500
005007060

600500080
000007105
000080003
001005008
002000060
000170920
290000800
000230000
030000710

100084250
000000800
090000000
000900405
200306100
940018030
000000901
000062080
800001026

030970810
000006000
070000000
060000000
080064970
000380600
000807400
000410090
905000000

050800000
000700056
810260000
003000005
000000763
000000920
002010030
065000019
070009000

001000700
080090000
090000012
003800000
000250030
000040809
030002007
200010300
040007080

001506020
000073860
006180030
010000000
000720300
090000000
100657000
070000600
200000590

860000000
230008050
005000040
708000460
050006000
020003100
000030000
081400000
502007080

000500000
008000002
000004090
009000040
605800001
000600070
010080920
020007600
094010005

000000006
050340700
070000020
000060300
080210000
000470000
003150040
640002005
007630001

700000046
802009500
006003000
400000030
080000700
000005209
000060490
050807600
300000000

760003000
000000304
204060000
020009030
108006079
000071200
000000400
080000601
001000092

090002100
270605300
003070005
000100000
000040600
037900024
500000007
001000000
020030000

007306100
080007020
906012007
000030000
070200490
000009210
040000000
108000000
090400060

000700004
002006030
700800900
000001407
000467100
000900006
030090200
001008000
806003000

006745090
000396405
000000000
000000000
600483010
085010000
000000007
008900654
050100080

001403009
400020006
903061000
080670010
009010003
000008000
600000004
002090000
004000070

006005003
200890070
000003590
600000800
075300900
108006000
000000000
900250600
002700000

090206500
000000000
000005000
060900002
000057160
700000305
001600900
020079610
650003040

500009000
230050700
000000038
000000604
900502000
800070000
090006002
700200040
600007000

800100000
045006098
006900050
000080000
304000500
501000806
000000700
000479001
600000030

205809000
800500000
060030000
020310500
000090036
051007020
907100060
030000000
000000200

900706040
600009001
400031000
000020400
000300870
040080600
000900700
060000030
200008000

000300060
000002004
000000010
020085036
309201000
000000000
084000050
600040008
593068100

000000030
090705006
003060700
200000047
007000500
456000020
030090000
008000004
704086305

000000000
070006040
000407030
000050402
703000001
009070060
900065000
040012650
100000023

000480690
000007025
000000000
008200060
430850000
000093000
000360074
500020000
000045900

876002005
100700000
050000000
090650014
000000000
000104780
215908000
009076000
000001000

003408000
000005006
015900000
040810030
070006100
059030004
400000007
080000090
000000000

000600001
703000000
025470600
000200018
080300400
056800070
000006000
000704050
070000020

053000280
809006003
760000100
070100800
000000300
001850720
000089000
000072000
000000000

006010002
700250000
090007004
800060407
004005100
600000980
000000000
200179000
010006000

601300040
070010605
034008700
000402010
080003002
007000008
000701000
000060000
002000000

905008000
000000000
000300001
040001080
600000200
020000053
084050902
009080000
001204000

700056108
068100000
100000000
004070000
000018600
500004000
410007000
030000095
005400000

000500100
000040090
008001300
540000906
001002000
090000002
000024600
000036401
000090080

000300002
000042000
900000006
089050200
000060098
000000135
800010003
150008040
040090001

900040600
000010032
000020410
500000304
070590000
600000000
000000001
009130250
020600070

000009070
009000500
080400000
008090150
000006000
400500003
890100060
005060007
130900800

001006030
086000040
200000000
053090068
094000000
600000000
015068093
040305026
000040001

000010364
000406020
000035000
000070050
002000600
300100007
060900002
000050410
400207009

200010036
080060900
090340007
074000010
029074000
800000000
000000200
460000008
000007090

000004000
000016204
001000800
800030090
030000000
740001020
020000160
007280003
000009000

009007080
000069070
700024500
000090710
000000002
608000050
200100006
010080000
000670000

000004000
000000152
230090000
001040308
000000600
006000001
020000030
040923005
010050080

200000083
700640002
003001000
000076004
570000100
040500020
006004500
000720000
000000000

000083000
051000302
802001406
000300200
003427800
000000610
060000000
004000501
085100000

070000030
000010009
402000600
010000000
740000900
800400070
020090000
908170060
600300007

730000080
000000000
000100005
900083100
080720600
020560093
060900001
000000030
005007000

060005340
000008000
710300000
000700400
020400507
000000030
032506018
008000000
000000650

010008090
300000810
000060500
000001350
000030089
000054000
060040000
930000006
054390020

200609005
490000000
005000830
000000003
026930000
704000500
007000000
640500007
000306020

005200084
000103200
003000000
500600920
000500406
004080003
000000019
039000000
008400500

005000000
700610050
000400391
369000510
000005630
000000002
070000000
902000003
000030406

060910070
080600300
200000000
050000000
070000192
008030050
710009538
005000010
090000000

000000069
100000800
000007030
000003001
601004782
002000000
070100094
300000600
400608200

040020000
037008002
025306001
000000006
000702400
000060008
100400003
000017050
004000000

000280009
060000300
082009700
000000050
090000000
200300000
004800030
057006200
800507040

100600000
625308000
070020000
082000000
000001903
000000002
350000017
010035800
008007200

000406000
001020805
200005000
000090001
010003408
309080020
500309000
603000002
008000000

000210000
093000004
000800060
030090000
000502000
019006050
002005043
165000920
000000000

900000050
000000000
006000010
040570030
030004000
508010007
300190078
001085006
070060091

030407100
500010009
004520800
200070010
001000004
000000000
000050090
007089300
080041500

020005000
000060704
000709000
700500100
063901007
900006005
040100600
030002000
000000030

000802000
031007006
000000003
200000000
050301604
000000000
600050402
000480001
540006000

010380004
007100090
008094006
000409603
024000000
630000020
000000900
800007000
140000000

930000000
006903007
071000000
012054000
007000006
000030005
260007104
000000750
004000200

030006000
108000006
700031002
000400000
246070000
907060000
400720000
009803100
003000007

000000400
400058060
050027000
010006000
826000030
004100050
000071000
305060800
000003020

600700095
020400003
090002000
030200000
046057000
900060037
000000000
000001000
500040006

600030801
013000600
000700000
000000080
050207064
740000035
080000000
405300000
102080500

000001030
000000042
000052708
050090800
700010029
300805070
003008000
020904057
000000000

010000000
074010000
900408000
000069000
806005700
040307500
000083100
000000060
087500030

090501700
612000300
070000009
023000000
004000000
950700004
000034507
000000063
100060090

000000700
000040010
000182009
003900020
400001007
000000600
076400000
092067081
000300000

600000100
000040080
000000076
069000005
004000020
080100694
000810700
015402000
098000000

039080000
000100000
010400006
060009280
900040000
021000034
400020000
050000600
690500800

038040609
002000004
090700500
009070080
000200900
054000020
600009000
200030000
000008000

030600251
001007000
006000070
700300000
000009310
060000908
000010030
090000800
000200006

400001000
000900530
000203000
100097020
000600003
009000400
240000070
000000060
703002000

008500020
003009050
000002834
090720581
000000070
300004090
010000000
004000000
500807000

070000000
091020500
052000800
000804075
000730900
004000230
010009000
020003001
008005300

002610050
007030008
000240103
000000080
060820041
020300006
070000510
000000002
081060000

809000040
006000390
000900006
000040000
400000020
000310005
910004200
004150000
050280600

700600490
002050086
040009000
050007000
000402060
089000001
800000072
000000100
000075000

000005900
400006082
000003040
000130009
002050000
000000104
080000460
000000050
006401308

000003900
000000018
060079000
489000300
300000000
000000001
046000080
100005040
570100006

570640800
006920001
002005060
000500000
400000610
700000040
609200074
000800000
200090080

020001000
000564000
009080000
400700601
000050008
000018002
605002000
040000000
271000056

090007013
726008000
105090000
002000000
009000000
000000085
087200009
201060050
000080071

001050000
800076000
530800000
060127000
000000200
300005400
700030560
000060320
000004008

007000000
000080000
004006001
070261090
009008000
080940250
010000804
900000007
048015600

008500020
000000400
000090700
000204150
000000090
700001002
150000370
049000000
080400500

070800400
000005010
000000000
600000931
040039006
800050000
700904860
934006100
000000000

000400690
009070040
300000015
907002000
000600000
241000000
100500206
053000000
400903000

000239100
000000007
500001900
030000000
800405000
002000000
000098050
700014300
050300090

006080000
800000004
307000080
620400000
003008000
000001700
012540008
005003207
000100050

003000000
041000000
000009100
070900000
000004270
500031060
204000300
100020900
069073000

203010500
008005000
007030918
010270090
802600300
005000800
001003000
000000000
000500020

004090001
001007300
080000000
760800094
010009760
040000000
000000070
000412608
000000003

706500041
400000006
000009005
000000090
002074000
930001200
000000300
510000000
040057000

080030000
720600900
006720000
000240009
090003000
003001000
001000670
840100000
602000410

304080500
200000000
600205300
490506200
000000000
000000019
028040005
900030000
006100400

260000000
000000279
400005030
053072040
007050100
900004000
000400560
000600020
000000700

000000000
001800000
040700010
600002009
100006048
007300201
030000400
900000372
700008000

000000001
003200000
020000040
060540002
040890000
900013000
080406000
000000890
205980006

040090005
000503010
700000000
008000000
000040280
030005197
500430000
100000900
004207000

000600000
051040026
900020400
000004103
004012000
000039080
108000000
002000000
003000052

000006000
800200700
010700000
600000508
087000020
000300000
501000670
200030150
030065040

600800000
070600800
023050000
000108020
000590160
500200980
000000000
308970502
002000010

005008000
008000100
060200700
100003000
806705901
700000080
020000630
009100007
000009005

005000000
000730080
000000001
000600000
010087403
020004500
000003008
500010000
041800607

000070013
000501000
004029005
403000100
810240000
075030004
000007240
000050079
000080300

097000045
060000000
400200000
050000100
000001060
046870000
020700004
901560027
070080600

070090140
000305800
803000000
107000009
065000008
000460000
090010000
400000000
000807000

090000000
200500004
036009000
001000002
040003080
600821003
000060200
809002001
000050300

600200091
008000060
090580007
570620900
402700005
810400000
000000700
020000000
701800000

607105920
000700000
000000060
900000230
054300006
006020590
300000700
000207000
100009050

200090006
008005007
000302050
004060700
080504090
000000380
005000000
740000000
920000000

740001068
300000207
800070540
000120000
000000086
005604000
000032000
600708000
000500000

601008000
000000000
000340008
000000100
205136000
800200004
500803000
006004020
100520700

300001074
046500980
010009006
895000000
000000000
173080000
008090007
000070053
000600000

000500037
006000100
000070850
000300600
601005070
300002090
000900560
007000000
500080009

320000000
000000100
001003840
203065000
400080230
700010600
035000008
004000561
100000000

000050060
026003058
045800000
057002480
080000075
060000020
030200040
001000000
400060003

000008500
009000006
051006893
010000604
008000350
005040089
900010005
030000900
000004020

900000000
050000001
600054000
208060400
003509800
000003060
100000000
005008203
800200040

890000001
604902800
000000500
000300000
000120093
000054000
480560000
200041000
003000000

400000020
079600000
008000500
000006090
030750802
042000705
000000306
780000000
003080050

002000900
000000037
130040000
009030500
217000480
000000002
800004200
000050070
050009001

000703280
000000106
010005037
300020900
120970000
750308000
000800000
000000019
600050000

000000107
100040280
000600030
038002000
000050013
000008520
004000000
000730050
000020370

035900720
020000904
000001300
002098050
004007000
350240000
000050000
080103000
001070000

100200000
300000750
005000002
000190005
000003279
200000801
832000000
401000900
900000037

050002007
000580600
008900002
000000400
000200068
400000000
000065000
020004700
087000003

000570402
000100090
005904018
050029000
800007621
004000080
700000006
000000000
500201000

070000604
800000590
000190800
005960008
607001050
004070300
060805000
009640000
000000000

000380010
000000000
009000400
140020070
700800001
002004300
070000020
503100800
290040730

060020300
700400000
000930052
000309600
050008000
000057000
005600003
000000009
073000206

000080000
000460009
500000000
900040021
200800060
080091007
000000000
000057610
700004052

070008200
380060000
014300500
000000010
000540080
700002305
008000000
000000004
005030806

028000074
301004082
007060000
000001000
006000230
003209060
700000000
640000009
002000043

009000201
042710060
000000800
000090007
000001080
907400020
000630004
000200710
000007000

006000015
005041009
000009640
000000801
090070006
000000400
300080000
000706050
050010067

208000507
400005000
070001000
030400000
800000104
000000000
002740300
100090000
080300290

070009000
930587006
800600000
000000000
200070603
060300900
500700000
780903100
026001000

000640709
000007305
007000480
500000163
609000000
040000800
080003000
005406000
416000000

004000600
793000008
000509047
460000000
009000000
008300100
806004530
000003860
010000000

004090306
106000002
030000001
907050000
540032007
000006010
003700009
005010000
200609000

307000000
210000903
000000610
070300041
000007200
008200060
400003700
030000006
009620008

380050200
200001000
047030900
030000040
070100009
800400050
700008020
005700001
000000000

090005400
103000070
000700000
050020300
000004261
000000009
000950000
009001703
060403500

600019200
003070600
148300000
006020070
900000000
804037000
000000000
010000080
002040130

000020000
259300800
060800130
083019000
000000000
006073510
908000300
000000090
020000600

000000020
023009000
900000000
000904015
040510002
009070800
400028001
000000000
570130900

600000000
005000800
920000000
030060009
801320000
000009700
000700680
000003005
017080200

403000000
000007500
800930007
004000003
050004000
010080000
700200109
008005000
090370800

800004003
000700000
034091600
000000090
006140000
500080000
007500900
008000000
001379085

006500082
050280040
003600050
000000001
400000900
328040000
600000000
807000000
092006700

000008400
000600200
008020000
040360010
030000800
601700000
203000009
004030080
000100047

702000036
500037800
000000020
000600200
000071003
054000000
000060080
000304100
000005607

400070000
001905000
000603009
500007040
983000005
607001000
060000450
000000000
005000830

026301049
400200000
030000001
019040000
004908000
000700000
003106020
008000000
000024700

500900037
130000200
006700050
400000006
300051000
000009000
600502000
000070024
010040000

007050100
000090007
810370460
000000000
543700916
600000058
100004830
000500000
000000000

000070000
000000800
070004930
000800006
040009301
090000580
480600000
037010409
001030700

407620510
000037040
100000062
600000109
705060000
023050000
500010000
009000000
000300000

000000004
307084126
800000500
084000001
000200370
000070000
001030408
000000000
600000053

000008027
000037150
801000000
914700000
008005000
000090000
002000000
503804002
040510003

000000002
004000563
000003940
000000020
157002300
600040100
065094000
000301000
009050000

000560000
007000800
004000700
000080000
870004003
006000409
000320060
500040020
903000007

900007800
060000000
003000900
100700003
700029000
042060000
300800706
090600200
080092041

008206140
000001809
100490026
000009000
000600007
060000402
400900000
009175000
800000000

700000000
010060302
080090000
000123740
000000000
000700008
008230100
400000030
092004006

000000004
500360000
030509000
040027009
000000050
200890000
060000070
820934000
900000008

900056030
000200009
000070000
709102050
150930600
400000300
000020913
000300005
000005420

009001000
000000009
500063000
720300000
003000507
460020001
010000300
000230906
000600000

000060071
000070864
008000500
400100000
007056000
000480097
005000000
100000200
024000159

040600000
802009004
097010802
000002730
003706010
000000000
000007040
100300600
030000070

001040005
300000000
042000010
700090006
530000024
024006000
000500700
090001502
000000040

200006048
040900600
057004000
009000000
004020009
800000025
000008006
300000000
906350002

000000000
072005803
360020750
000000000
500008070
406000300
701082500
020001060
005047200

030406000
800009000
472000009
003000000
081070600
000200000
010630097
000900240
007000800

003215000
020000001
000000900
001420008
040090200
000008030
500309000
006050000
409006000

000000320
000703000
500020001
007054000
340000700
000000096
000016009
000000013
106345000

000090500
070000000
001700400
000002000
040060002
290507081
800670000
069028000
400000050

020500090
809340017
000200000
000000509
300000100
000010080
000030070
700000005
108070003

009020005
000000900
030000600
400936200
000000000
000502309
000084500
020050003
040100080

007501000
006097205
890000000
100908002
000106409
000000080
080760540
000000000
060004900

010004000
290000400
060050070
001005000
006701059
000400080
040200100
900000200
070006000

190000046
300470000
000000830
007000005
900600170
600001009
050008900
800006000
001000060

009200008
400008001
000041090
030805000
000060549
000000300
900300020
010600000
000019006

000072000
040980000
706000000
093000405
800400000
050036000
230054080
000000500
007200000

085400060
070000000
000080070
001004000
006000100
000003000
008605090
010000530
300910087

000000000
020900060
070000049
000000000
463027000
210006700
090350001
050001900
046000002

607003080
040000010
080609004
320004000
000028007
000300000
406007000
001802000
070000006

340006008
010809073
000040056
001500000
080003900
450100800
700000000
060970000
800000000

034000001
920000830
007000200
096000000
800030010
400000768
200347000
000021009
001000000

000000705
000000460
006083000
604300007
082100500
007040002
000010000
000000604
008062010

000000070
000100045
000300600
100007064
004020000
090600031
700004006
000700100
205006000

060000810
001000000
024000607
000405000
000800025
703020000
100070050
006003000
000142300

024560001
070401200
006000400
301004807
580000000
000036002
000600000
617000050
050000000

050800930
620000000
090504210
030000460
800000000
040000300
900350040
000400100
280900000

900004503
010020060
300608200
000800000
009000600
200000000
400903001
090500040
008001320

006000570
800007002
050900100
003109007
000005000
102070809
900001300
000050000
007000000

700020000
050003020
308704090
409000050
200100030
000000000
070090300
190805200
004000800

009000080
006700000
000000000
070420060
080900107
650800009
020040000
000650820
007280001

300090006
708300021
000060070
006972000
001005000
020000050
907080200
002000005
000000000

020004003
917000002
000900000
004000000
608400290
290000004
000060000
740200300
032708600

000706000
000409603
080000000
100097000
704000000
030608000
015000006
400300070
800010040

000930060
020700900
000020050
000009000
900400230
005000007
047600100
650074000
030010000

000280009
200000360
000060400
000000800
360000091
800120000
009452003
100600050
000900042

000200000
029000001
085030000
000070030
050000000
400050010
000800154
008005097
010020380

571000000
420030015
090000700
000000200
900500084
000310000
700050130
000090500
000003427

095700000
270000000
400100502
001000900
800500040
040061007
600450000
028007000
000000600

090600351
016000072
000000009
003900000
500028700
021076000
002001090
000800006
000700000

070000040
068000200
300000086
480670003
005000000
000900050
006500070
290780360
000000090

000079005
060541009
000800600
800750000
520960800
000200006
008000070
940000000
000000040

043000080
000003000
000040600
360007100
010500060
407000005
004078500
000030700
080150002

054007003
070051004
000908020
010000780
080000000
000000000
000020005
002403000
130800042

009000000
000000006
004300700
007000901
600005030
300040000
705069040
000430170
080500609

070000002
901000057
200000010
000205300
090104060
000037409
002000000
050002000
760000004

270900005
006030000
009000780
000000067
020300900
980000000
708000040
000090056
300046002

004800007
300200005
010005420
280000000
060300008
000000000
051030040
800600100
040000800

030000200
140820730
800094050
300015008
002000000
400000005
000000000
000980000
080450070

659803002
000001000
003000089
280000100
000000600
100009000
900040536
000026001
300000000

030540019
000000000
004000200
000091087
500002030
897000000
041350002
209000700
000000000

002406000
400930800
600700040
000000230
004800000
800692700
000004000
000005907
500360000

063004001
000810000
080000005
300007000
000200070
040680003
020060050
100005280
004030000

000003094
030000600
000000820
800000000
924080100
015200000
360000000
002040000
081035006

006010020
004200506
500030400
040000005
960302000
000850000
020500000
030000000
009641030

005000600
640002800
090040015
904000000
000820000
300060500
420030000
001000000
563090200

007000000
000009300
020080070
000000001
000050832
710000040
080200500
009801007
000300100

000060007
400310009
001058406
000000300
008006005
030000000
070095001
006080000
905000800

060003800
200600400
003900050
000040020
070200000
000050090
709430000
020806940
000000085

008530100
073090050
100402703
027100000
000000000
450900000
000280300
000709840
000005010

006904200
504020906
010000007
090002010
000800000
602000040
000100005
800000000
007006004

020803700
019000004
000000080
004509830
030007900
001300005
000004000
000000020
500201000

080600000
000000410
200000000
000000800
070009000
610047500
100004080
005720600
400001950

040092570
009000104
000000000
000635000
900710000
010004050
590260040
600050000
072140000

012009060
000000038
004000001
000000000
603070000
000046002
009080406
308002000
001000700

201500008
800200000
060300001
009003425
000100600
083060100
000080000
400000000
026000000

000000060
430016020
062540700
005000300
000201000
096000042
579000100
010000030
004009000

000007006
390001004
040200000
000000002
900000070
007006800
004100008
000800020
210400300

150002000
090007040
000600007
700400086
008705010
000001000
000100070
005000000
214800000

619200080
004008065
000040009
001000002
000000000
050000400
006002008
300080020
200413900

800070000
000200000
000435070
130000005
008001403
029000800
300500090
900003000
500018000

017005000
020000000
000920007
003007208
082030000
500000903
750002100
000060000
000300650

000400080
085000006
306087900
008050000
020000400
009004370
000000200
600003500
004000009

000009060
000284009
000100458
000000000
020000076
004701800
000020000
000006184
090008602

409000005
000640008
370001000
900100300
000050004
100004970
700005000
000000000
500763400

796040083
001050400
000000090
000007009
009000010
000300700
650901070
080476300
000030000

002083000
000100790
000004000
000000000
300708140
520010900
070000800
000000250
100820300

000000004
000040005
000003200
040021006
002065039
065004000
030000750
400007600
096010000

000500008
000600100
020009050
901000000
200040900
000002865
100205000
000060007
000008490

010049603
090000010
608000004
000005000
080000000
956300008
001060002
004020050
000853000

000000008
005090000
009300000
000003021
000050307
700820905
036980200
000270600
020000080

000009005
806002007
520480360
300905620
000030700
000620009
040000900
000000000
000500000

000087509
106000000
070000000
051000000
009000030
020000007
002078603
890050020
060019080

000045001
030708600
009000000
500007800
000000000
700010030
005309100
300050078
800604000

040052001
005010000
001080040
052070060
000001200
800000730
008020000
100006000
364008000

000206000
000038006
000100007
008020050
051300020
240000100
005800003
000005700
067000000

000040306
000005012
060000008
000100030
006000087
025074000
300401000
000030000
000602100

000340800
900070060
200600930
000000200
600000007
500000000
000703008
020008300
006590020

600010003
000500040
000000000
800000009
000601004
900000016
040002080
058009000
309104005

040002000
000000600
010007090
001000080
070140000
002789104
090005402
000000000
000010769

090800167
300004000
060020800
000000070
000200000
000070608
103460002
800000301
020700000

410700003
070004091
030610000
320960000
000000000
000070000
000029600
040000937
006800020

060700004
017000093
300000200
600507000
050102060
000009031
000000610
042000000
000090000

000005200
000010000
002000310
080004090
100000000
200009407
009000854
030000002
051200000

080067000
530000000
060502300
100004007
004005610
050030000
000000000
010000082
007400050

000090037
000000980
080204000
008000000
000500070
201003005
004030051
100900020
002000790

000020600
020561000
400000700
000000400
710002000
000806010
100080004
005000068
070300050

810000000
700000000
000020003
000280104
006090002
040036009
090003000
060900007
002060408

050000000
201000000
008107000
803002079
010700400
000004500
100040090
070081000
092000050

060090007
800100000
009003180
007059000
903068070
000301650
000080090
000000000
320000000

002000007
030001000
060000009
590060000
007000000
000080250
010000580
000800092
008029701

007600000
020080000
000400257
300000000
810000000
000003620
004002100
135704000
070000045

100000006
000049010
600000830
000010000
000800700
074060000
060002003
923000078
007000004

061000204
200006058
050049000
086010000
000003040
005000000
000080000
900530100
000004020

000000030
806020901
010030080
004000290
200600103
000005000
040000510
050000000
001090026

007000006
030600502
002005040
008200930
006000200
070000064
050003009
000000075
800000300

000000000
300700000
400030700
082190005
000000820
005400109
000023054
000010000
003040090

004006207
800900001
000307006
000703000
036002040
000100600
200000000
083000009
090000020

150290000
000000000
070001003
020100000
007009050
300050000
830000070
000036098
000708021

000020800
600000004
004067020
000000000
001005000
000000038
400700501
860031407
070800002

005000804
010040070
000600930
500800000
700450060
300010400
600900000
000187600
000000000

463500020
070000900
005000000
000800000
028640000
000009005
702038000
036002000
050400700

000021008
000709512
005400070
008007901
961040007
470000000
040000800
050000000
800200090

100080300
590300064
000004070
000906003
000401806
000870050
040500000
000000600
010700040

058002000
304008000
009050000
000040201
406020800
002501360
000610000
000080090
000304000

230074800
000000000
750800000
000006009
000283470
820940030
600000900
400560000
007000000

196002080
000000005
800040000
930000001
000000002
000004690
040230000
300090010
001456900

560000040
310070060
000009000
000050014
000900000
040030000
006302000
000040051
070006039

004200000
030089700
090407002
800000060
000300020
600900000
001000204
000020890
000046003

001000009
000605070
705000000
034007000
106083000
000000000
400100007
003900600
000040853

009400001
100360900
080070040
072000090
398000016
040200003
007000600
010040070
000000000

000000000
807000003
100043000
040000900
005000700
908000015
000029500
073080109
000305408

150200070
008000000
000085000
000706200
000000360
000901700
300050620
509000000
860090030

500800000
000047001
000006023
000003002
002180030
000005000
680072000
700000008
030400016

800000000
040670090
070004100
000301002
007020009
430000000
000106000
103000070
680900000

000006270
000030048
000480900
980070000
270600003
604002090
000000007
000305060
390000000

930000040
007061030
600030090
180009300
340200080
000800000
071040000
000000060
200000000

700230080
350008900
800060005
094002030
000906000
000040820
000000007
900000200
007500000

500007000
000010200
900604010
000206470
000450000
012000000
000900600
050060030
000000509

000500708
000200600
403001000
500000000
000008200
000700045
026070000
000400802
030006000

000000000
409003010
720000000
000900003
004702000
002640008
087000200
206010090
041009060

000020700
060005009
390000600
005004200
704503000
083000000
070000920
800000006
000701000

000400010
050030008
830005640
000246000
090000000
002801000
000000900
000520800
000103056

100900403
090300002
000106800
270004300
430060000
800200009
000000000
080002014
020007000

000093410
000800090
010000708
070400003
058009040
000570000
083000000
000736000
000040060

050403207
004015030
020070460
040000901
530000040
610050003
000000000
000000072
000030090

107006002
906000004
000700900
004500700
000070006
000004023
000001600
000203005
000090040

700600001
063000000
180000000
930080600
000304070
070000010
000007809
800190460
000060002

000007000
400020730
000000008
700039000
903084001
800200003
690100020
010000409
280000000

609000080
570090400
024003070
900208005
250970000
000060000
000050047
000000002
040007000

507900003
420003918
100408000
005000200
790024000
000001000
000000540
000000301
900000070

300000000
091008000
007000009
802907040
900401006
000003001
030804200
408002100
006109000

000100200
000009007
001000860
900810000
000052480
020700000
070496108
005200000
000500604

008000002
020780060
190000040
000000205
000806090
000002400
040009000
960070501
200100000

200001000
100000000
050008000
800007401
007000002
010000390
080709000
300104500
900530840

000000407
063840520
000005093
504069000
090400030
270000060
050008000
006000000
400000700

070094000
000650009
000000025
005020000
002310700
390000012
600005000
000703000
900000030

000050090
000204170
024190050
000400900
000005000
000310020
709006000
006500000
352000400

503000700
000900002
920000500
000080000
659030000
038000050
040009007
000050306
300000200

000000203
100020800
080090015
000300007
702540098
401000000
000000904
007000000
890000572

050000000
008000090
000900053
027064000
004030870
500090002
003050080
400208006
000040005

090008000
000605000
518070360
009000000
060000004
301000080
040006000
050090007
006010800

000000001
025008000
000000007
000900003
001070280
309000040
003290000
000400102
100080050

006300000
005008000
000024300
250001004
900400800
001000009
100082003
000030006
000100000

640005000
370090000
019000000
700000200
000009000
190030600
000020030
065000020
000400510

010000500
000000080
000005900
200000069
003160000
080009700
502008300
300007600
008200070

010005800
095001007
007000000
009000018
000200000
000078050
006050200
408900500
000400060

026908500
950700040
100000000
010084000
000009805
000207009
000000000
078000000
094000070

070500000
030009500
000060892
502000040
063008000
000006203
028000967
000000004
000000300

510600280
000000107
000900000
900500003
700080695
200000700
000700500
000008312
020060000

047960000
015030260
000200090
500010300
700000020
000000000
063540900
000690054
000070030

050408920
070060050
001057000
200080079
000002004
000076000
000000600
000000090
900000148

140000078
000000000
003200140
710030000
005000800
408100905
000320080
301000209
070000000

800509706
002068091
100002000
009005002
400000500
000000080
008400910
000050000
005000068

031070000
008004016
006081090
000038042
020000009
000096300
010000000
900000074
000040060

170000000
005900000
000006000
090607400
024009050
000010007
080000000
040800510
000004920

000004508
509800000
000070692
000030700
080590000
070406000
000000805
037000006
000000340

000000708
005000006
003700020
000200500
000007000
604009003
308402009
960073800
000006002

000700089
000000003
050093160
000600090
009002000
030001205
700000300
600000027
300009800

000069003
410020000
000403081
080050000
100004006
056000000
500090030
020001090
001002060

000000000
897000000
006003090
030000000
608005040
000680007
405017000
900004150
001300080

000203000
000040000
024589000
000060000
005800009
200700040
009006074
480050062
000000093

020001000
010430800
000060000
095000002
000020003
400650000
000900261
000100400
800000300

900200750
000005000
870600003
050008090
403000000
290000000
702049000
389760000
000000000

000460005
006015020
000802000
510030460
040080030
720001000
400300008
000050070
000100000

009601000
100000000
024930000
600007000
040000090
200000401
056040007
700300009
003090602

100500407
500780010
098000050
002000000
009040000
800035000
000000030
003804975
001000002

060002953
020000640
400500000
000091300
000006010
000000000
080300060
049005200
003080401

000452071
030100060
002800000
027040015
006007040
805000000
000700000
000020000
000060407

800005300
090000005
020000941
400070000
003080020
000000009
001030004
948000000
000092080

030082000
000060000
000103000
908000040
020306100
000005260
001008305
002051900
005000000

000001000
000008000
504000300
030590001
006000000
050064090
040000900
008900067
003070400

020410509
700009012
006000084
900000005
600008000
040702000
000007020
080000000
005081000

000050640
030060800
400080209
020090001
900000050
000102300
002503000
000008003
004000000

200006900
500710800
017080000
700209080
000000650
030600070
082000500
000100000
090000000

004100830
000070010
000008000
000000167
008310900
090400050
001030679
000050001
070080000

000080000
000069015
400015203
080002050
094000000
200000800
810006000
056000000
000903000

300009000
915400000
007000000
090500000
106000000
008040516
000050030
060070090
000100040

081200030
054000070
060700504
030000200
000043086
000000040
000000000
000016000
206500400

004005000
000002900
936000000
007000601
000700590
509106030
000004056
340000020
005001000

403700500
800000000
020190000
000400001
091000350
000007080
080030000
000209000
000580190

000000900
500001008
086503001
003600104
000300000
049000000
092010040
051800000
600002000

000070000
206050009
830040020
090780053
050490072
000003060
704920000
009000000
000000000

000000000
003009001
000000080
070200400
004136000
301407900
036004800
009300002
200600004

098650270
000000030
700000800
080029000
300000090
006500700
000008000
500390000
009740000

000009000
000180030
840030009
007000000
960301005
418907000
175060000
300000004
000008000

000180009
509030002
030004800
000000900
000058024
420700030
007000050
040000003
102000000

000300100
000085000
000070096
010002600
000800000
000000237
700020005
280030070
091500008

008000000
700000010
000720006
000907500
003001000
010080027
960000080
001008200
300005009

006800500
008000702
312070600
091000000
000001003
800050000
600000219
030000000
100705000

230040700
105800002
000170000
340090007
001004080
002700000
000400208
000030400
000009005

082000005
500208107
700015600
000056010
800000003
060000000
000007008
000002000
040600300

200090000
403000200
000080050
602030000
005002000
700400300
004000080
300008025
060007090

600000800
740000500
009002300
004589060
800400090
060000050
000030000
076000002
530000040

000500000
000013600
000000187
000030090
800071004
650009031
010007040
000400008
060000000

100000902
206010005
050000000
703000000
002006000
010305000
000047500
490100060
005000009

000050000
070802000
900304000
009070020
003920005
001500078
080000000
200491800
007000003

000861200
080004000
060002000
600040380
500100700
000006020
003000004
090080000
000523070

004003006
000094002
002060300
610000800
000000100
000900027
030780000
000006010
040301700

105709300
000000000
070203100
000401520
008020010
007080030
000500000
000030000
300008009

982000000
400000009
105060000
070004000
006700800
200008600
701040008
000050000
500070402

700081000
005000030
009006020
000800000
000109000
673000000
027093100
061002070
000000000

000800000
000300007
004000000
006700120
080002540
000005003
070030060
005070304
200504010

069014008
004000200
000090000
086020090
070000000
000006001
000002005
005940786
000870420

030000409
050000106
690004080
510000070
370400050
040008000
000007600
000806000
000901008

000064109
020000000
000000500
030090010
702000403
040006000
000000090
500930000
000241300

000000000
000300600
030640070
027000003
000000960
090007005
209005308
560803000
400009000

000615000
900400086
043090100
000003008
000000090
035070000
090006030
000000000
068157000

106007004
000010060
038000007
000849000
000076920
000000001
900001000
400000380
070902000

004000000
510000308
000005000
000000489
050030006
801604000
000500000
002010095
180403060

200960000
050002900
800000020
580030700
907605300
000000100
700096500
000000001
000157008

040000630
000000100
000007000
007100080
096380400
010024009
001069040
009800000
800000003

003010040
700203000
850740000
000058010
040000078
000030000
005000206
007006004
400000051

000000709
009105000
000060010
000480000
005007040
000000103
000030050
700040800
003508406

017960000
006700003
000000020
800000000
030006000
402398070
000000010
000030400
270100030

000040020
000000000
570000400
060270000
400035060
007090003
200600008
050700036
030059040

082090003
105020009
790500000
000000000
050000001
003000895
000080014
370100000
000000278

000301000
700000003
860000400
590000080
008000090
040000107
600070900
074103000
000508000

000000000
000005680
020010037
710000800
000100050
006000001
005608200
900000500
003002760

601002000
020000000
908000700
000000000
000023170
013000980
000000000
090500030
000806052

028031000
001080009
500000070
009320080
000000000
080000961
300090000
000000720
600000005

000408001
000000000
000601090
000000970
600903000
040007008
087004210
012700006
004300007

060007401
204300800
008040005
000000008
000070300
085000006
050408070
010050000
000720000

700000600
030000010
001400328
010006700
600500000
005300860
004160000
080000000
000003085

050000309
000400000
090020006
083650040
070090000
940030200
000000083
005000020
700000000

040010007
020500300
000000000
000900062
500030010
000076900
000000406
453020000
001790020

000020000
000105004
026000000
610050080
040007000
090018000
000470005
700090206
200006041

000070000
900604000
030000000
090200007
000038000
400705600
028067000
003080029
000000070

000794105
000002007
930051200
570009000
319000000
060000000
000607002
000020049
200000000

800600000
030008920
009000640
097300000
006705000
450000000
000000000
000503080
205006490

000040002
250001090
090050610
000000500
000000000
010007006
004290700
700003000
020016035

000003470
000200000
000000900
086170000
003408000
907032004
600700029
000020003
100004760

000701980
580400000
000000000
006000007
000800290
000916000
000090705
100640000
400008020

000000004
000004080
007000060
000090400
009000178
360000002
603400000
400208700
700010009

000200300
030000040
007904021
000507000
800400100
700021030
400082000
052000007
001000000

306020871
000038000
000100000
650000007
007800020
090010600
000305009
000280000
001060050

000300060
000000400
000140002
000600103
008200700
109004000
002930000
003706040
001080200

000105000
600087000
042000000
807000060
100000702
009052000
700040000
405071008
000008500

000503000
005004098
024010306
080039000
000000000
050000900
002400000
009060020
800100063

620000804
001000000
000004010
060000500
000080001
703000480
040720000
508060000
100050070

005030000
000000035
000000670
309060200
001500700
020070009
006013000
900007080
800006002

092070000
300150000
510069003
020000005
005700090
800000016
007000200
000900600
000008000

080070000
050000040
400250800
500090180
000005000
200080507
000002038
090700200
000830700

609000085
850601030
020080009
000000000
000000070
090007006
080060200
502030008
900500063

800190300
501000009
000006800
105009000
009072000
400800005
000960008
000300500
000080260

010006207
403000005
207014009
000935000
500700031
000000000
300052900
000000000
000470102

001000000
030000970
800000603
004901008
900600000
020000760
080000314
002000000
400809200

008000000
000500600
010000000
902400030
600000050
000069004
203900000
060008009
080000102

002410800
006900010
070608050
610000000
020801600
900000000
000000004
080000206
047020180

090080000
600405007
008300100
809000004
050000600
001000003
040050000
700090800
003000000

250001060
130060480
400302100
800000300
020900000
000000000
000098000
060000509
000640030

160040070
000000100
735001086
050800690
400000030
000009000
090470003
807000060
500000000

000050000
900000064
430700500
009000006
500000080
086000470
000640019
807010003
000005000

380000000
000000070
000000006
240006007
501300060
000084000
000030002
007501000
003607501

009001000
040000201
006000030
901000040
060000008
304070100
000009000
103080074
000000362

803100070
000800050
097053040
008201003
070000014
034900020
005000000
000030000
700028000

087900000
000068030
601000000
050600380
400309007
060001050
006000000
015000890
000030070

000900800
010000000
900010600
000000350
041700090
000058070
090400000
365000701
070000000

020050040
058000003
700000908
004000000
287034000
530000002
040000000
300040695
605070300

000008003
000500009
308001600
905020000
000007908
070000102
000009001
000000560
503210000

060000083
000050190
000200500
020078065
070905000
009030000
000020010
000601030
080007002

200000006
081003000
070000084
102000000
040000000
035204007
307020068
400000103
000400070

005000806
100730000
080004000
030150007
000009000
000000590
057040009
060300010
000090008

201000400
000000052
087000030
400000705
006200000
003000010
600301027
000007040
040502060

020070000
080406100
001035600
070000000
000000000
000020470
006050042
008700010
005003000

042370190
070090800
003620040
000000020
604100900
700000000
100000007
008000060
000009403

009406000
000000000
034090000
072050000
006000907
400080000
060070050
820905600
300008020

000086000
290700080
000400007
708020000
100004000
940000073
002003000
070809400
600000000

300070000
000600100
509031040
005090700
698000004
010000600
400000010
000800059
000000006

000030710
700600302
100000000
470023160
500060000
002000000
050000007
230805000
000410000

050000007
302400905
900003604
000027090
700000000
000000006
009080000
500042300
080570009

500000060
000500240
000360000
200405000
150080030
406000900
020030000
000010029
000000801

160000000
090000176
002004000
021000900
009000057
057092040
000000005
000059000
000001784

030000470
008000000
100370002
289000040
000408000
000003061
000000000
013762000
072100000

000980000
340600000
060000008
032040070
000000060
450300200
000000000
900004620
027000500

000180003
000000018
000405000
006309084
053000620
804006100
000000000
160003005
002014000

000008000
206010000
970000102
060700000
000003049
804000000
000070206
710006430
008000097

000801000
070306002
090040007
000000020
804030109
001060800
086007300
000400001
000020000

040058003
000006000
900000000
000004000
000007090
060000237
300060800
004783020
207000009

090040001
230080004
600702000
000030000
800009007
020100400
000000900
047000068
000060020

024000009
000000580
080000002
600400000
008000703
005090048
006000000
970240000
400300050

030000500
450006000
628000000
007000006
090000200
300570090
900020050
000000004
280030700

005037000
089002640
300000000
804009500
000000000
050000070
040000000
530800020
972000056

000506900
000040000
000800041
020710860
000009100
006208000
600000050
050020000
900007020

000400003
000000126
000001000
010280004
000709002
800043090
261070000
040308000
730010000

020460093
008000000
000035000
005000000
060000480
000794020
003076009
800050060
002000000

000200100
100504080
000090304
400968050
008005000
000000000
903001000
002000000
046009008

830500009
256401300
000003600
040200000
500000010
910000203
000029000
000600000
020340900

000080000
000309400
000100005
059000600
000406300
320000000
901000800
082005040
004290006

730560200
690000000
000007800
000001580
005600001
900300000
000006037
000020106
000910000

004000000
070000000
100005870
007000036
008000024
300006500
025800410
601000000
800050062

000000004
300617020
000500901
120070300
600200400
040003100
000006003
000005090
470000006

050080002
080047000
400000010
070060000
200100000
000008000
010500026
060092058
020000097

900000053
000009000
002800000
370400065
000025700
000600000
400070390
060000000
530080620

000520010
000100506
000000000
900070040
004000001
230010695
400702000
009000200
070004900

300000800
026580400
085700002
038009007
000000300
000050029
000000000
670000005
000200936

068090000
450000060
009010005
001046000
900001800
030200090
080009600
200854000
000000000

000100046
060070130
040008000
803010000
900060000
000000320
480000000
072900800
600000009

000000000
500100090
000009006
071020000
000067000
900005074
090073650
007500200
320040900

067000000
800050090
200000003
700000002
305900008
026300570
000790005
001000000
000103820

065400027
107300500
049600010
600042000
004730090
002960001
000100000
000200700
000090000

020003000
100000000
038000204
006000008
040000000
007000961
000270080
090610703
004308106

720030000
000400900
000000005
400006010
200307400
630002000
000000590
070000300
300910026

000870002
300004000
400216070
000000604
006008200
082000000
500020400
000007000
001605000

000860070
008002000
400900000
500090308
200403750
709000240
000600000
007054000
004720000

086007200
000002090
700000000
432800000
000090001
009000600
000000408
007600900
204780006

003740506
000005000
010600000
260034008
480006002
030020001
000050100
000210004
000408000

005000040
009036070
040008006
000790324
930000007
700005800
000900000
000042005
000060000

380000900
000008000
050740080
007005020
000037000
000080005
020000304
006000009
070200860

930000100
080700502
000009008
004250000
090000300
320000705
500120000
003800000
000004000

070010860
000906100
000000000
005200090
000000000
729000000
000620780
800300601
100007009

900006240
006008009
172900000
000003004
309000607
008604020
000000000
003020070
020300008

001006080
028400010
400009000
900000000
046021070
070000020
010000500
000800200
500700090

000800001
000530089
058090603
010070050
030900000
090002700
002000060
670000100
000001000

000200100
015040003
400603080
008005000
000090806
000004005
009000021
000000304
300002900

040080201
059000600
001007400
400009000
000502079
005008060
008015000
000060800
000000000

000030000
308200000
041000000
005000030
032060800
406510029
900320006
000000005
000680090

000000805
017200000
020000900
000001084
008930001
000500390
983000000
071000000
005300000

000009000
003004000
900106800
500900000
000000210
002805490
049002080
020000006
800600000

000006000
030000080
000500037
469008000
000609100
000734000
005410090
000003460
800000000

006100003
300029070
401030600
900000010
000000900
002000000
620008030
009003002
030700049

300004056
000630104
000000000
000040682
094000000
020005030
502100000
000000208
030009010

700000060
020000000
068007040
200030070
080204000
341000080
000050008
403068000
006703000

000105000
000800030
000430070
608010500
010580000
400006003
047650100
005000000
002007000

307006090
029000050
001020000
000903008
700000009
000002570
000000126
600000000
000005800

000030000
003600002
012000605
025004000
008000026
160008000
000105000
000000347
700000080

004007000
050200340
000905070
000400200
002000009
030000000
300700908
020503700
605000000

502700000
010020760
086190005
600000103
000000692
000800000
200000000
800000321
300000508

000293480
001000005
000006020
300000000
059031002
000024000
008600000
090050610
000009000

000000040
500700630
001025700
000018400
008530000
030600000
000000320
020067081
000000006

702000000
050000000
400780001
000600052
001000300
000020047
000300026
000061008
040250000

000000900
000000005
130000760
089503600
000709050
000000807
925300000
073006008
008000000

007098002
900102043
050030900
070000305
092300007
400000800
341000000
700500000
000004000

000006000
000050000
040000000
000028905
005104008
800760002
901502087
057000014
004007009

002080350
030000000
800000007
700000003
003405200
650000400
000000900
408000000
090072860

680700905
109500020
300000000
830000002
005080016
010200508
000006000
020030001
000000000

059000008
080500000
030002500
400000000
008203700
002970060
000030000
600004002
000706800

005000016
006003800
000100400
000000902
002009004
041205068
000090500
000041039
000600000

000090004
700004026
000000000
007009605
004080070
601540200
000000000
002050900
508460100

900000000
805300006
006004307
000000000
501000000
070000014
400010080
000003450
059060003

000006001
050000934
000005800
800200605
001000020
000901403
002080000
400600000
000320190

000008300
100006002
038009104
010000890
083000000
200000013
970000000
000470009
046001700

500000009
136000000
020400800
000000090
803000001
010000205
000800100
000023006
002060340

607350080
000062009
002080306
003890000
090720000
000000000
010000900
000010608
070005010

400090006
100000030
070800000
000009000
000720400
002000608
800000700
020070069
004006013

500000000
006000100
273009000
008160203
020000708
900000010
000000070
090820030
007003000

000000009
005000200
608072000
490800006
300006008
000043000
002000600
070000080
009050470

030000000
000206050
470508006
000004008
300000500
060000014
001020340
000001000
005000760

000403002
007000040
830072901
020190604
076000000
100000200
012000008
900000000
000760000

501006009
003087100
046000000
005800400
000014003
020000005
000600000
000030090
000941080

000003000
003000001
000960800
100009400
030002086
040000050
000200035
300008900
091500600

000060005
000827010
008500907
603070109
080001060
097000002
000050000
000008000
050006031

007063401
000000307
039000068
000910600
090000000
001057040
408500000
000040005
000109000

032400600
008000000
600003070
000000340
000050001
100000587
005308406
000000000
460017830

050000000
038000400
007000068
000300000
000000029
043000587
000080003
082006950
090504006

005041000
002380140
000000000
400600300
000000600
800210050
000004807
003005002
000800001

800000000
003600010
700320600
000000009
000007530
090200070
000960328
000700000
008000065

100340079
300090020
600000001
009700500
700200000
010000300
003000050
040000000
000920063

000010000
000005000
050096000
007000009
048000705
060502041
005600014
410000090
006900008

020000079
000056000
400003080
000002600
070000003
000000057
000500040
906008000
500900800

008000007
000010005
060002010
040000950
500100420
000060000
200040580
000607009
014800000

065800001
000000003
190000004
002000000
450000096
006004000
030450008
504001060
010090002

000160700
005000000
174200006
009080400
008005600
207609001
001000070
000900000
000000250

004020005
070008000
000400002
000009047
002810503
400200100
000003000
800000900
590700300

406073001
500094700
009000020
201500463
000010052
050000000
090000000
000001040
003000605

000000027
056000000
000010000
090600354
020034100
000001060
402053090
003900010
000042700

000310607
007000810
008570040
000009000
401700500
050040090
710000000
960000430
300000000

400000100
003000080
100000000
700845003
000001076
021603500
600100700
080506000
200000050

000600000
702009000
000070006
005006800
900200560
000004009
009400653
040003900
008500004

690000000
000900507
300210090
070001000
900007000
020300000
004703001
000000024
001050003

960001073
000000008
020703900
000607200
008000000
000040000
000030792
010074800
000008140

085000946
000090582
000000010
000000001
806009030
543080060
400000300
302050000
690400000

000000900
084700620
065900743
078030000
496000078
000000000
020008000
000050030
000300054

001050000
060009000
903700005
000000693
000461700
000000008
700036100
000004006
000090080

090700500
042030709
000504002
070003805
000600000
803100000
900000103
237000000
008000000

008200040
069080000
500000060
682950034
000004007
000000000
000000002
004800900
023000070

007520610
025030700
001000002
000265000
000040000
000308240
000683000
100000000
830001004

000460005
080000000
042030070
000850030
000042000
001670058
030000002
000085000
007100004

000503000
001092300
002100000
810900050
030050049
000008000
003060194
000004060
000000003

000005600
059680000
080493000
020064070
000000000
000000059
060800000
204057800
700000000

000200670
700806210
000010035
300000000
000070400
050000000
100020006
830007020
200603100

020700000
000021006
100000038
870300060
019600000
000100070
000800002
500960080
060007000

006870204
000000700
800006009
000034002
009000300
010600000
000020007
000009000
008743960

090000501
000009000
004070069
000800000
000000000
086000093
060093800
038400016
057000040

009840300
430001900
000000102
680493000
020080003
000600000
000000009
060302000
000060007

600000500
500107302
000080090
260003080
300078050
800906130
000000000
001300800
000000070

801000000
040000310
002000500
003420008
060000231
900000000
400100953
000006000
090300020

036000000
000500700
800002390
001060007
600907230
000010080
013000000
005720000
082000000

000200090
002103870
030000200
890700000
000901030
001620700
000050000
780090000
000000500

200060000
940780200
006020400
014800060
800200004
000007000
379000000
420000900
000010000

000100000
080020700
601904000
002059010
000400007
050007406
009000000
027000800
160000000

000006503
020000007
906000000
000002906
300000800
010050000
000000709
075200680
003800002

700000000
009627010
860300000
000780000
001093000
500000020
008001000
000900350
200800070