
000040500
000009000
000610900
030860070
000430000
500097608
080500040
609000107
040070000

000000000
006009020
000042000
005200900
001030040
600000500
010320050
200701490
750904031

000000800
010509607
000000239
020030708
000050000
906000001
000800000
000675000
007020300

201000050
006000310
000000000
400305000
000840000
000060080
008200065
702500000
050006043

060083000
804000000
000690000
700008000
380962070
001007020
007300000
006000090
090010047

726000000
000580001
500000000
000050090
089001000
130076000
070020009
091030780
000000030

300000000
070000400
069300070
002000107
010084200
903007800
090000010
806000094
007000320

050000607
700580300
002040080
000004200
000009865
008062079
000200000
040006000
070000900

900080700
083100002
610090300
704900800
160400000
002307000
000000097
000000208
000000600

400070000
030009700
180006009
600040900
040038010
200901006
300000000
000000604
001060038

000532001
000041000
002960500
040000800
000000056
903820100
030005200
000093080
000010004

064001000
900080000
000475000
810064900
020908000
005000006
600000000
289007000
501049208

390108000
000006000
080057000
200000900
050000000
000000600
007500306
100200050
630709108

310090060
000010903
650000004
008050001
496071308
000000070
000040000
507080000
000000789

806000002
010000000
007000814
000000520
170209060
908000400
689502000
050100006
400000000

013009500
000000000
008000000
002070380
000090001
000850200
084021900
071000030
500430807

700200004
090800000
000914000
040001006
201000000
800740000
080002000
902000068
370060400

980003000
040000001
002000000
537001900
001900000
000030002
000870050
028000090
300090470

000000050
000090004
000000003
500004000
143002000
600350100
250009000
089400032
000008609

000000800
057000200
420000000
004620037
200009000
069307504
092500306
030900070
000000000

000060109
302080000
000300000
000600501
800100090
050000400
004000080
003000200
010092650

600000207
080200001
000500030
058004300
160020000
070060805
800000700
200003008
000000400

300286400
028019600
000500000
002600809
080400005
160000003
000930000
000040900
000000008

403700080
000204001
700800026
045120000
000005200
006038000
000000000
801000000
500001007

280100004
005000807
104003000
302000500
040000102
001400600
600370005
000000000
070005000

000000280
001608009
500000006
000000600
016000093
903000514
080100035
650020400
000000000

400080000
003025900
210300007
080041090
907008000
005072408
000000000
800009001
070000000

208560000
700300120
030001006
000000805
400780000
000030014
000000650
006000043
000000708

506040970
240708050
800090040
000006010
000000002
100000060
900460000
410002080
005017400

004007193
000050000
000000400
310070080
805041209
702005030
000000040
000010007
000239000

000045000
000106000
000290000
309700004
507020609
060000100
400907030
000000200
906050007

010630009
300000002
200509100
000904060
000001000
000800000
002300856
040000920
060000004

060000010
000040570
000000409
000039600
387000050
000000040
700300064
650100080
001084000

004000005
008004109
060097000
050841007
000370800
000006000
041059000
036100000
780000000

090030520
003000009
620001300
400000030
009000640
005010000
000000060
240090008
006800102

009080010
080723095
050000300
600809002
001050003
390200056
000600000
000070009
000000000

060020500
070460020
082900100
020000400
500000070
000000009
010000090
049650018
700000604

809000200
500072008
071940000
705000680
000000000
000000415
062400800
900000041
000009500

410000000
008304600
005090200
900000000
000201000
600000500
004100350
069005004
300600100

580970100
070060520
003800900
000000080
000003006
000600000
800700000
700500309
050002070

003010000
209000500
870000000
160750302
000800095
020300608
700000900
086000003
501000060

600000004
009004605
050002039
006080007
003060080
002790300
000000050
000000743
000070206

000000187
028000050
790005060
900087000
000000000
000002536
360070010
800000200
050000003

405780010
089023500
010000000
000510000
040030000
300008000
000050490
700040000
800207000

053008000
904200000
001056000
000004000
000562040
800100300
090320065
208000000
500900004

009006000
007030900
000000000
900650038
700008260
100007005
060000800
000805010
002000070

073800049
100000085
604000000
005000090
040000001
800069003
090010008
000005030
701600000

203004090
098000000
004006030
612800000
000009700
030010000
400093000
009647000
000000020

670480001
000001000
000002000
307020400
080000000
261300907
000004000
020800700
104030090

000037100
093105000
000900050
000020010
000060200
030009070
570800320
000000780
008301069

000036005
000000490
730050010
008004000
060070140
004510800
000060000
000100507
000080930

003000000
109000004
400000500
080302000
002900001
000000906
600009005
000104080
500000190

003104800
150002040
000000056
020090004
530200008
090000000
006800000
010420000
249503000

086030009
000010000
000609000
500903000
072580000
000000507
207000098
063001000
098000000

064130050
020500004
908040203
000020900
030000600
000000000
100008540
000250000
009004000

005400086
000500040
000800001
000040050
509010008
106000709
700260000
000080095
000000200

019050087
000000000
870000251
900000042
000806900
400000100
750020006
002000005
060070000

000010700
600507000
012803000
060000000
090600000
507000010
000900000
059700083
300068901

000007068
000060030
800105900
000026000
000000090
000308027
600010070
900700800
520000009

009610200
005200307
002000500
000009400
000070000
000050000
030020040
601000070
020400906

045000060
000008900
603400500
832000046
000000782
000000000
050000600
064250073
008000020

890200000
005403600
003070200
000090000
280700000
007064000
000000007
304900000
600050008

000640000
004090000
000000000
920180040
008702006
700000080
002300170
103400800
400206003

250098041
000004000
070020900
000205000
100003500
000410000
008001200
710342000
309050000

010002000
400000000
600000000
040105002
000630000
700004500
302080004
807000630
000560700

090360270
104008003
600000000
070030008
001670090
940081060
000000000
000000800
000210700

637000000
540000700
002000000
100000000
060017003
000300900
000105209
409002607
020070130

040080000
380405009
005002000
003090007
700000004
090250800
100003000
000040000
408179300

075060030
400175000
900000000
091700000
000000000
300486000
010300080
506810007
800004009

000320760
000074009
800600040
001700900
000096000
000810006
000007801
709400030
100200000

003040060
005800000
100070080
000010000
000006001
980300000
600500000
310060409
040037000

000000002
800000346
006000100
640000700
302070001
005300800
508460003
000200054
100050080

008040706
300605090
015008030
950000000
040901670
006000000
030000000
409000080
001300000

049000160
600800049
000000507
003000001
000000600
000600050
508900000
070000013
914070080

400000009
050000007
210700840
890300000
004000000
001000002
008510090
002073000
930240100

700000050
050000903
009005020
003000000
540800076
006000204
030420560
408300002
000000300

000000000
960005000
254300790
080902000
000067000
700830200
300659000
000040050
002008400

957000000
000038006
000000090
609000820
720010030
003056000
000593001
000000000
071020000

000504000
000090000
028037000
090050030
050900007
360002040
400670892
000000000
500008400

090400620
000000500
000921007
000000013
000367240
000040090
300694002
000032000
500000000

340000070
020000090
507000060
415000002
260000030
000040000
091023000
000075016
700010300

910007320
003800005
050900080
009000702
000470090
005109800
080700003
004500000
000000000

500090000
060000007
000342000
030068000
020000000
804005200
200030000
090000008
070600932

082007093
000000000
096040802
000300008
064000900
000000057
009000340
020000006
003605070

006003000
070000010
400270000
000042000
040106008
508000000
005067004
000300021
060000000

002009675
000006004
009000000
001000096
000002000
000000418
080061000
160204700
405900800

950001300
020709005
000500010
000020500
006040000
000000073
200400000
034000700
007000630

010094003
780000100
000005000
070300000
000948305
000061904
097030000
463000000
800000000

000014600
000390700
105600004
600000029
047000000
301000000
500030290
200700030
070000000

000000862
021000500
069000000
905000100
010005638
006000400
000000000
032408950
498600200

010040570
900300000
207050943
000004002
700008004
000000000
400100098
005000200
008009030

050803000
030001000
708900000
500000000
060500009
000007081
906000000
014005700
000340108

604025700
052900000
007104000
300060590
000200000
500007006
001002000
900000004
005690000

020000500
009230000
503070000
760300009
000000873
200100060
000908000
080000027
000000306

000274000
804060032
000000000
050007000
000308000
000020400
000602087
036000540
007900300

000050000
000709100
900802047
010003000
804010005
053070290
130090000
005080000
000000400

000030007
403200050
500000900
001008000
200075004
890040001
000050073
300010000
000000100

006037000
209001700
080020060
000000902
100000843
000000010
000806170
000000080
041009000

800501079
020049500
000870102
060000000
402000000
100080000
000790006
040600000
058012000

800740100
009500027
000080009
500000300
702000000
000000000
150802493
030000508
900000200

000609000
003780000
280500000
070390065
056470080
800000000
304800050
009060000
020000030

800300095
369500010
000000002
000000030
500000809
180003040
000054200
910000004
006000000

470000000
106002043
300006000
000001000
000785002
600020000
060053074
008000030
003018000

100000000
008000307
964000010
030100200
000000803
600309700
000000000
096080002
802070106

700010058
000607109
000000600
005280003
001009507
000000000
500300792
000000000
020001830

003000001
000005000
725000360
000000500
068403700
502008000
300000040
046000000
000002018

050100004
009000080
007030015
000645907
000300000
000007000
000900006
900700003
048050000

006900018
000010600
000050207
000060524
000004809
000820060
000000900
002000070
590180000

000000080
100700400
000104036
003098040
210003000
008600000
600000210
090200000
800060009

600012030
005083700
400706012
530000004
001008007
008000050
050000081
000000020
210000000

902030807
503960420
480000003
000040900
000000000
000087030
650720040
020800000
090004060

800430009
005906004
200000000
000000000
000700506
060000487
900000263
070000008
304000900

400603009
000020016
206000540
809000305
600400000
501900020
000200000
900108000
000009000

000030400
000017036
000000000
000008300
006070201
000246000
015400000
604020570
028003000

080100094
417000000
300000000
038000006
060000050
700000010
104059087
000400009
005800003

090600200
000000000
005091400
000003006
047000020
230069107
000305000
010000000
000240700

002507900
054000000
700610080
000080070
000000002
001000000
009064800
000820006
070905100

704000000
350006000
001000059
500000008
043000007
007100000
008009004
600005030
010308090

060000090
009000000
010000000
700104206
408520009
000708005
200009607
006452000
000060100

367801000
008200670
200040010
900006084
000000060
000000000
600000740
100904800
009000021

300700004
109046030
020300601
000400000
050000000
000209000
604007200
270000019
030000006

981000000
000609070
067300000
004200730
090080601
100004090
403000020
000000000
870000000

400016000
900804000
086903000
500069300
012530009
000000000
000200008
003005000
020090000

037150000
000049600
050080003
000000000
700000004
804000007
103090000
008006040
070003089

006000108
000400500
000050903
630009000
074001800
000000000
510900300
008000004
090003700

270051030
080704020
409080700
000000000
001000802
803000017
000000953
930000000
500200080

800000360
000000010
000000702
007401850
008063000
000070604
630000000
540000000
000100203

250090030
006000500
304001072
521340000
000029007
090000300
100000005
000000000
400060700

380040700
020019000
000500000
000130000
050090003
040002000
170080400
004000000
009300800

007061050
005000430
000008010
000070005
000200000
020000004
803700006
210400000
006005200

100000500
640350002
207040100
000512004
020080070
004070000
018600030
060030000
000000000

810520000
030091000
002060000
506900800
040080000
920040000
490000308
081000000
000300005

000600090
000003006
260450038
003080020
901000060
002309154
000004000
800000000
400005009

000000031
000400769
000007000
001704090
060109300
740008000
000000006
007351000
028000070

246530008
000000000
000000400
000000000
680400500
593000800
050840609
000067030
002003000

000049000
810706000
000080000
580020000
076001050
000600000
900000046
064050210
720004000

004200001
000700000
000000000
000430000
901020040
035000098
050370014
000100370
070000059

000000005
000000000
320000010
000100029
000080040
900402037
508249000
740500000
001307000

093000064
000083000
500000700
030100590
040060107
605300800
000059000
000010000
700006000

000000002
000030000
400201600
100640000
082003096
000008000
000079000
020004038
860010074

642000000
000000005
070001900
000000470
918006020
004028006
500000007
096000000
820010600

000700000
002001007
508300090
000000925
905006008
300000010
109000856
086000000
000000003

906030108
020080500
001000207
862000701
500070000
009600350
000050000
000023000
008006000

400003006
000400000
000000000
000050100
070620904
210904053
306000000
100700005
004516002

904000020
080005300
000300004
070009813
000000000
000408905
010004002
000700000
000803197

050000004
900003050
731000000
003241006
200390000
070060001
605902000
000006000
000510009

000000000
000040008
000080027
010065000
608700402
700002100
040030000
870600003
301000260

078001000
000498000
900605100
810706000
009020000
502004000
000100050
000000900
600040027

090410030
040090006
600703040
080007010
206301007
000200380
460000000
000000000
000800000

000004000
000007090
090010000
907500001
010203000
400000700
000050040
840092057
200081900

009000000
050080000
060000000
010076300
004150098
780930500
000000080
800590063
070000040

000005000
009800500
000300870
000908037
000001000
005000680
000006914
010700005
060400000

407000000
510000004
080000970
000000800
208030409
900045037
002004085
000001790
050000000

000000000
030050100
150800000
500940007
048070030
060000500
600510000
070403080
090006000

000400060
000023000
084010030
061000003
003009200
900200510
008065000
020340000
000800000

010000049
003080070
000000502
000007050
009005803
000018900
000300001
900024000
000090708

000000080
206000409
000142605
017005802
000427000
090800000
000000008
000781000
900506070

006000080
107000502
003500400
005000871
000000000
310050000
084100720
000700010
020080030

020409000
000070000
000610058
504100920
090000070
800506001
000000060
001740000
000000010

000020054
000000000
000001920
007030000
019700800
082090071
040000000
000003090
800500103

000019000
000360000
500207100
049000002
006000300
010005009
003600000
002150000
760402000

200000004
500003800
000570000
000780012
000035007
004010006
000056200
000200048
006100700

490370050
056009007
830600040
000000039
000704060
000000205
040000092
380960000
000000000

003900000
800000060
016080405
508000001
200000500
000208900
000004106
100090082
000300000

900800041
450090030
602500000
006045900
000000000
030900480
305006000
001000050
240000000

050740003
000006200
604009000
040000590
500000000
090000000
000380006
005020800
027600900

507008020
480000900
100000070
000000000
800000040
090027605
010090700
002086010
000000050

000002004
000960800
200080015
500009040
000800031
001004502
800200003
000395080
000040250

540786000
080004907
020050000
000000040
008200003
000003072
000000700
004009000
695800230

600800000
037000806
000200019
013002000
000000000
008000003
469100020
000008100
002900300

300000009
000004020
120000073
040009007
000000150
002506040
030000002
090000560
500000001

642000900
010900000
000000038
061009280
030000000
980000071
000017049
007002600
000000007

001200080
060000000
700500063
570000341
080000700
603000020
100000050
300620400
246000007

020010060
600908040
070460002
000000900
017080005
000000000
000000000
705800009
280045100

500002070
090040320
000930000
002070000
800300100
000050040
009820400
400000050
053090001

000200700
000671000
000080000
170530600
050000004
000804000
008310005
200000803
047000160

908000000
000000000
000007019
070080520
093001004
005304000
500970002
080000000
019038700

000007200
920040700
307000850
048200900
009060000
060054030
003000070
095003000
000009000

700000930
000010060
903205001
108000000
020600000
000081000
000060100
200003000
301750800

000268900
000000030
002300045
800500003
000901000
004002000
000000090
938005001
150600000

302890000
000040090
040203085
218000000
000000070
930000100
105020048
003970000
470000000

480007000
003005000
090000000
070200803
004000900
100908000
020501040
009034070
000000300

907006001
003900705
051000900
000000020
000002000
500700000
020107809
080630000
300500070

060020890
100070503
080500120
300068000
070090000
000001000
006050000
897000000
000903060

000000070
509037018
300080000
980070043
001060085
000000700
450903100
690000050
007000000

079085026
016000805
250140070
000070000
000900060
000020500
501700009
000401000
000060000

038000005
100507002
006003000
600001000
000000000
300000010
000200090
790086100
802300700

000418000
007030000
890500000
001806700
006040000
080070501
070060000
000003006
003751900

270003000
806400000
009000000
000000059
700089040
020705038
000000000
690000020
080297603

070003902
204001700
109750048
000000000
000100209
000078000
800000054
500840000
000090000

003000000
000060193
700850060
804100500
509006000
070000000
086000000
000540008
930000004

002004001
000000000
000000600
050042000
008036510
340100028
009003065
100020030
600001900

002064000
000800009
405000000
006520000
001000000
000476000
508090076
070080902
010600580

004603071
000005090
000210000
069000204
005000000
030000010
002000509
003400000
007500043

000102068
100700900
840030200
000098030
000300007
000020600
000840000
300009006
000200090

000010360
000000059
600000007
900025030
018600000
070900200
000060003
000070090
003290801

700203000
000040002
000080000
200097083
009000261
300460000
002078090
800000006
007306100

040002760
010907054
078500001
000020000
001490000
000800000
600100240
000006070
000050086

097000500
000003000
100060000
000020000
506070000
002149600
200036001
300400009
610900050

130080000
000046380
004709000
063000900
800001000
090000000
000600407
607500009
049000005

000000000
900000036
000000001
800071060
009300700
070640000
507010008
090050004
400800390

068030002
000200000
000004000
035010080
001020000
070806000
287340600
010760000
050000001

000750003
900100000
000000480
000900300
000000070
000300968
603007040
057890100
009610037

006009047
001000000
000200060
059070430
040000701
002400095
200000000
010630520
000010300

000001045
700000006
400000700
000000900
000000018
500000074
870049050
602105000
105600890

074206080
206094070
900000064
000953000
700000000
080000000
000537000
040000008
630002000

001000060
030200005
006000149
004069070
000000090
000000304
397050006
000001000
005000400

052600080
000009000
080057000
006000000
800090002
000781000
260000300
031560700
700903000

000280056
720090030
001000000
100000002
039000800
000000070
617000000
000060280
003070100

069102070
000000000
830690040
000900000
000007400
000000068
090010600
010800030
000023107

070000000
000000009
002003010
004205000
510400007
000000001
087001902
030090008
090038750

900003080
800006501
000000090
500002013
300000020
000600000
095000840
000090050
204081000

030012006
400900000
800004027
000000460
000000001
000000089
004700030
100009072
702800600

004078013
503000008
070540000
007200040
000000157
100000600
008057000
005000061
000000200

670040000
000000003
000000910
000000076
000000400
000987305
830006500
904000700
006108000

200104006
000000503
001900007
070600000
000000200
000000000
400020750
020005091
607009000

000700905
900030018
000040007
000070003
100000006
000091000
890500601
450380000
603000000

010460090
000008040
000000800
009050000
284906500
000040270
061009050
020000001
000080400

000000902
370050064
005900007
000000000
000094000
600003000
500629040
100070600
003015009

000010000
000879020
000000003
008040090
010060307
062030040
001000200
940080000
030000100

370000050
000000037
000000000
940002500
010000079
500000084
000098002
080530001
490070000

000506908
009007600
080010030
000000003
000458007
401709800
000000060
000060500
000003001

052000400
000000037
100806050
007000006
840000200
000007080
420073060
031000045
060000000

060700040
000530020
009006300
716000005
050000092
030040010
000000000
005024700
400050000

500700003
000006080
902580060
400000090
007900428
030050000
000200870
000070206
000000000

000000000
809070010
270050004
900000030
420007800
001000000
043080009
198000470
000000005

090020807
000004300
300090406
050002000
600003000
472005000
089000000
700600000
000078003

020000070
000340100
500000000
009800007
037905021
100004058
005000030
700000000
940200000

038002750
000530009
070900010
000000000
000700000
020003000
806000597
001098026
200000080

000810000
700005000
030007608
001900207
000000090
009083050
000200300
080009020
020650800

000002003
000000000
008000000
001003600
602007000
700610090
000900040
007008021
090024378

000008050
600090004
020507000
060000078
000000000
050002006
090400020
700901040
046020180

390020000
502040987
800006003
000000002
000000045
000000090
000200030
007059068
050308200

000240030
310080000
008600070
020004000
006800400
007900102
090000200
740000009
000000007

420970000
000800000
308000060
000000020
805020400
960000000
007040053
590302080
080000000

001002004
490008030
000000000
605030020
000000000
000546809
906200508
000000040
080901000

800000370
001040908
000009004
007000000
500001002
000000001
000020400
340708029
005310000

010006230
020080701
050002069
600000000
000208000
001379000
000000000
790030100
502010000

410000030
300006000
000000000
000680070
090001005
008075063
900000080
003700001
840900650

205000000
080000000
109000425
060907000
704062019
500180000
000000106
600000040
008000902

032040000
000002700
470950000
000000000
520000000
300000207
080034009
901020304
000801050

001004023
403560900
200000800
000300200
000009000
000408010
506100000
000600000
900083400

071005680
053200017
804700000
005030000
100000006
037420000
000040072
008000000
000000008

370402100
500001003
009070040
200000000
000000590
030000207
000000916
000037004
140009000

003040708
700009240
026000003
948300006
000062050
000000800
309000000
060020000
004000000

090405008
030002400
400380017
000000001
080009000
001070000
040050700
009000020
027000085

000000000
500027019
009000504
010745000
000010000
865009000
900070000
072908400
004001000

400702003
106000002
000350800
000004008
010000000
060000000
000045000
807160030
000003560

001900080
020630000
007100026
000708065
700005012
500069803
000000000
090000030
000000091

003000000
004008010
000006780
040300075
300084060
605701200
000200004
000000000
001000000

120006807
070004020
000080054
000000200
809000000
060000079
001000060
092000000
000007405

040000350
051020600
009701002
000000509
000970000
000000400
002100030
000265100
100390000

000005097
100000600
200600405
706003000
409510003
500002106
000000071
003000500
000000309

002005040
008000000
090001200
050860020
006407010
000059600
080000070
607000501
000000900

230006509
060901000
040050200
472500060
000000304
600700000
001600700
500000000
000400000

020400300
000010000
061900080
006000904
473000060
000000010
600000070
007080193
092000000

300501007
510006080
060009000
430000000
001000000
958000000
670105830
800403070
000670095

930074000
080000700
100800206
004000810
096000000
000003029
470000130
000000002
023000008

000090000
100000007
028001000
005030009
000000580
270000031
930000600
007000005
086000900

600703000
008001000
391540800
530000000
100005000
087300000
040000090
006900704
000007150

050607409
000230000
908005000
080000000
000706000
094020700
520400803
030850000
060000000

570402000
300010050
200008470
400020501
930007020
050300009
000000040
000000000
010000003

002007000
000000000
000082005
001006047
000000502
005974000
167005200
009408000
000000690

600000000
090300120
570901800
000200000
003000589
860030010
009007268
000005000
000000700

500300000
000502000
000000500
790005604
100400390
025006700
060000971
000040030
300200000

008060205
700325900
400000000
000040000
280009000
030008400
903600000
070050600
506987000

000800007
000006000
300020601
203768004
000000760
100042003
000001400
000007208
000084319

390010000
005670000
006050001
004700630
100900050
000040080
007000000
568430000
430000000

000020000
607000200
900500000
000034009
030600070
020009046
065400000
098050000
004070500

006819000
020400600
000020000
008040001
000600000
001032040
083000106
204000730
000097000

003000000
400001700
900800000
000009500
600500310
804700906
301006004
700300100
098000000

059000724
000059000
000700600
000300400
003090012
100005000
030070060
000023000
000604501

004000000
000100500
009000700
056079080
007000906
080002000
701800000
260050407
000400008

006800429
700029005
001600078
609508000
000070004
507000006
000080000
000704000
000002007

400060000
038010020
000700140
000900000
200000000
300000900
002030600
060270419
897100030

900030100
540760090
067008400
080000040
730000500
000000000
003500000
409000061
600090800

620740000
030000000
901800040
000490013
000000004
089020060
000000080
002000009
000001237

000089103
090040080
000100065
000024009
000000000
300090800
001630004
960002010
000000200

030000070
001385060
045060000
000000000
809406007
010037800
000000010
004000009
050070004

042000000
600058700
908400001
000200910
506004002
800160000
000000000
007000000
104600080

003079000
900040087
850206003
005000830
200000000
004000000
608305040
000007000
502900060

050000003
000000040
000060000
800250100
090038026
100000000
006920500
980000410
004000009

040003006
000200007
000701000
010020000
307500460
096000000
200910040
004000305
500007000

400309706
001400005
390006010
000005200
030000000
000603000
000200150
070100029
500004000

079000000
050700000
201008000
435009000
020403800
000000000
004807030
300002580
700090401

300500020
001024370
604070000
017600000
290010500
000040100
000000600
030060700
500000030

540309070
009006004
003000000
700050600
000070050
000000000
005094380
030800205
090700040

000000000
078060000
200079450
080705004
700000000
000008001
950000200
000004010
620010970

300001206
200009070
001007005
090014000
005090003
062070940
000000500
000000000
026000001

506700043
720000001
384010070
000400008
000000450
000002060
050806000
000007510
000500007

310000000
902000500
006003710
037010000
600000000
005362000
708000001
060850020
051600000

500000380
097000000
006951700
000000004
000003000
008000010
010008030
480700160
009300000

635000000
082000570
000000000
700000000
100035000
009601030
000806002
000009600
050200701

000000000
300021950
000490300
075004000
006070000
000000500
040050097
000702000
000039601

080007006
000000030
070032050
204060000
039005000
650003000
400000000
005090320
307056094

100000008
206905000
000806000
000001020
060004790
070050084
000009007
000278069
000000000

000036000
009000805
020050007
000000002
000010600
008070003
007005190
060120370
010008000

008000030
020040000
015020080
000060000
000000050
800100020
054800003
003700068
001500070

000000560
000907300
958000000
376000190
001000700
509000008
020000000
100080027
703000010

047063058
000900037
509000000
000000005
005000704
100000000
006005301
001006000
050380006

060900030
210400000
000000914
048090620
000000081
000000400
503000008
420000096
090300500

000000500
800000006
003000000
035706009
600094300
090580200
080002700
406039050
900800000

000089740
010070820
000000000
108603290
700400003
903700016
000000000
000900078
000040130

300090000
000000000
570800006
030000950
007306082
200050070
000030000
000540700
065000800

108040500
000000000
060100009
087500000
001007405
003090760
090000800
035700001
000000300

010402000
325000000
006000000
700500100
640028070
000370000
163000705
070040806
200000000

008070300
209530084
000009205
900040002
080090600
073000890
000000003
034006900
000000000

000021000
000000000
029005000
900070010
200000004
704659020
007480200
050006408
800000069

003059607
050200000
010680090
005001702
900002063
002007580
000700000
000000930
000000000

000134000
017090040
080050300
805410007
140000002
900200080
000000000
500003008
000700000

010500020
407200006
600080070
870910500
000000060
054002097
000090000
001000000
009400000

000030870
400600010
300978006
058000030
900046100
006001700
000000005
010009000
090000400

005902030
060000000
120030060
600000900
002000000
038000000
000058002
800300601
049001800

000000076
000674193
000005000
700046000
014290300
009000020
060000900
007030060
000000041

000080010
000260009
000905200
000053000
209000060
000600080
000000001
803190605
906007030

400027503
030900006
007800040
050000002
000000900
290000000
000670000
000050000
678030004

003200015
008790036
900600000
000500000
201370090
300009087
850000071
000000000
000000250

000030700
340000006
000000090
900000600
000507020
067820500
400050038
070000005
000400900

070003059
600005037
000061240
040000095
100407320
000200000
200006000
050000000
900002000

008007000
300065010
500200040
000300000
000001000
000020850
070500100
052700083
160043000

015000090
080040020
009010070
000100200
007000006
090000108
501070000
400000000
000820704

690000000
300000010
200000000
800061905
570300000
000790003
006000800
002006501
150080030

600001087
000400023
020003400
000507006
000000000
000000814
107005008
003600705
000000040

000005000
000096000
000030000
090700000
700002800
180000020
500003091
607050002
020807306

030908540
570003800
000002000
000000900
000000087
800400312
300100008
000809401
200000000

920000000
030517002
070000043
000025000
000470000
009008000
800000054
100030000
200801009

000000904
075003200
200000000
108040020
003000009
400300080
001000300
504700001
030000047

000000000
200000000
000400167
000000008
070900600
105006070
590061200
600209004
007840000

300020000
001007903
000100650
200003561
000060020
000005007
000050080
970618200
000000000

000400500
090000600
000761000
000054000
000009280
000200015
010080009
607000000
005600702

060050037
002100040
400020060
007080000
006304075
158070000
004800000
200000050
500030000

700003908
800905072
000006305
070080040
020500803
006020700
040700000
000000000
030400000

000650800
000002000
000430000
000081093
000500000
000029105
305000008
406090010
091840300

070000000
000000500
010465070
807600904
050000000
009000000
000000000
640850009
090071300

000000780
000000003
000603000
000590300
102036907
000007001
007900205
305800009
060070000

408070010
000000000
007602000
104000060
000000000
630005000
000203007
000056130
020400805

000800510
000000370
005000000
070109000
000000060
060050003
050030800
043701650
790045001

870900310
030000005
010000800
000070108
000000006
050300700
600800570
490035000
700000000

030024600
005003000
002780000
240008509
500032008
000095407
006000000
000007096
073000000

050908020
000000050
000704308
000005080
800021040
000000507
001002030
000090000
082300070

097108060
000035904
003006001
609000078
050000019
040500600
060040000
080003000
000000000

074050280
000000900
000000045
000091500
030804000
040000710
300007000
000180002
000930001

004000071
017604950
390000600
000736000
000050000
000900000
030000006
041003007
900520000

001000043
906804000
300200000
060000900
000000000
050900008
000050100
430061000
100490800

000030570
005000000
942700006
000000459
160400000
000000601
410000007
030000100
200090004

029004080
058029000
600000000
004080600
270000009
000760504
080041000
941000000
000000000

000000020
070000000
000008050
805306007
006790000
001000009
300900100
000602085
100005000

907005026
008006005
000070000
000004000
000067058
000580009
000020004
002408790
501009060

400702003
060005170
010300000
500080004
802400016
000050020
000000602
000000400
070000030

010007020
000015080
800042530
504000300
080061040
006000000
071000050
000000800
020000000

060070109
200000000
570900000
007050060
010800000
800000400
006140005
090700000
750689000

408500060
000000100
030400057
310600000
700009003
050030608
870300000
000100000
000800004

007000000
590020060
168790200
000870090
204000800
000002507
010000000
000600000
050180000

000700000
000051030
800200015
500000001
028000300
400065208
600000000
000024000
000187004

060041000
004008050
008005096
000007008
000000007
002100000
810900200
005706000
027000004

406080900
500007004
090040010
000890130
003605000
000470060
600000003
000000000
079030000

004000000
500000680
067000009
008060030
090305204
000907500
009000020
040000090
672004005

200301087
004200100
000080060
000000508
406002310
300007002
002600000
100000000
008000000

019000000
000002500
200000400
080710050
507040009
000003800
008000000
004100000
100589300

100000007
000000000
700600000
006008000
003012700
009000350
020706030
080300009
500080062

700603400
000905600
000071050
020500000
040060000
000004900
000020000
006019045
014000239

900010004
000000790
000000061
020000007
471080009
080000020
060000103
708031240
030620070

004000200
070905000
000860300
008607000
020050000
900003000
563000000
090700042
000080000

200500804
009004600
064801300
000905000
090382000
000000010
000098050
100003000
050000060

001400000
480015020
006720000
802000000
305060010
000000000
040280060
030001407
058000002

000000000
000013000
100062900
804007030
000048000
007309800
608000004
203970010
009000007

050840076
600090004
000000930
000180009
800460100
000507040
000070300
000008001
009000050

000000900
000050000
040030000
409001060
085076001
760500800
000000000
000348100
370060045

056002009
170600030
030500042
000250006
009000000
300000157
000900460
000000000
700000205

400300000
000027010
035048900
019000030
084000000
700000205
070000090
050000007
008001300

300500001
000000790
090000853
030000086
000006009
008200000
679002010
000000070
280003600

000000000
600130000
030000000
907460032
340090016
000003090
000940050
250000000
109000067

000000000
000009040
005004000
040013000
080056730
100907080
901700500
004000070
003601009

010090602
000000510
200073908
060000000
000000000
100020009
000010876
030006000
005900001

090304057
040609000
007500090
000902640
060700002
920050703
000000000
054000000
738000000

000005300
320790600
008002907
500070080
000000000
903000500
870064000
640008020
005000000

034105000
500000070
100209006
050000900
902000761
700901203
000600000
000000020
000302000

810070002
000096004
964000000
500700100
040060005
700500000
100020800
002600017
005000000

002037850
000000010
054080000
027100000
000000000
840600000
000000476
008002005
310000020

900000000
501000000
000100000
070009308
000302905
080507001
100896002
000000600
800720009

890103000
000790000
306200005
560079000
000000000
000502000
702010068
010060000
080000930

100937060
900010300
058060100
020090005
090751003
000802000
600379000
200000000
007000000

003000000
950300064
040000008
509000800
007630920
000000076
000000037
300900500
206800090

090608125
300500800
000040009
546003002
020009500
009080610
000000000
053000200
002000000

470001000
006007090
090805016
002000607
005000081
600109045
060900000
000506400
000000000

000000000
800400759
000003084
240890000
305006040
000000600
000000020
003900478
080020935

000000000
150000300
000002400
264005000
003000008
000019000
308200000
000600000
045301290

710000000
002000041
300000900
600200304
034706012
000009700
000001007
050000009
423000050

506000007
040907080
200000040
000070090
904005006
060008705
000000000
000704000
721000009

520000410
003000570
600300000
000050260
000930050
000002007
000190000
009020604
000604030

076000301
003200470
000008000
000000027
000000060
400000100
060050040
020031805
050080700

007000090
000080000
605003084
400200370
500900000
200036050
700025000
006004000
080390000

302095600
500000190
000600000
000009000
000200000
009800300
070103568
050080000
063000710

706100050
080052000
000300410
002000600
800000000
510008042
000000000
007010000
035064020

100490000
600003090
040706080
000030010
000000040
000050700
800000030
460000100
097008560

000000000
700000000
080004056
850900602
002008007
019600400
095210040
000080000
200000009

007200000
000701980
800060000
000005006
070080030
159003000
000000000
620050000
035129000

000450009
000800600
000000000
207040900
000500080
006930004
602000000
305020067
094300200

703200100
080090020
120500000
200000000
009000084
570000300
001000503
900300710
000000900

000000040
060020500
500006003
400610000
000002009
000435021
006070054
037001902
000000300

000000050
070000000
000087090
007200410
061050800
920010600
000008507
416000000
080902040

420000500
006000008
090810020
005000200
003900006
200051000
080000035
902008400
060000010

080000000
000300090
470000003
060700005
900000024
020000087
000070008
800930006
052680000

057400086
040001020
010000009
000010040
900524001
000006700
000080054
000600000
060000098

370960000
000003007
600040008
506000140
003010009
800004300
040030500
000000700
000000006

070020000
000000029
059000870
000000905
801006000
620009000
100000750
080007206
000004010

060030000
000600000
090010030
008050607
100000380
040090150
380769000
507000000
010080000

090400100
008012509
020070006
000000000
007059000
000601005
009086070
000000090
010000402

604002080
050000000
000006709
090001000
400070500
001680007
000259000
029017000
780000000

004580000
050900410
200000000
005000100
030040090
000320000
000290083
007400000
801070900

000600040
000700210
070340009
040061090
006000702
039280000
080000024
000090008
000000000

060000003
150098070
809300000
006000900
007405006
030010000
000001500
308000000
040067000

000009001
005000007
007018905
009007400
038060000
610000050
040083000
000000000
060054000

000000700
509002060
072050004
400500006
980000035
030000807
050000000
000034000
000020300

590200000
008060900
000080002
000107009
060000050
001093000
000018297
000300800
000002001

400000760
000950020
008000009
000700950
000508270
702001086
000417000
080009010
000060000

000000004
000760500
000080370
000000703
020000090
090607080
200004007
070500029
043900000

074000006
006000849
800000200
008000000
390000580
200704300
000000750
900000003
003406008

324000050
008094010
000205000
085002003
290081006
100006005
000000400
000013000
900000000

800000001
040000000
900030000
104609080
020500060
009001002
308000940
010000005
000000600

001000067
090000000
000000895
085009010
600000000
017080050
050806002
102500070
064001000

000700980
500008001
000160000
000500803
000000000
700280506
000009005
000302100
890650702

600030908
015009000
400005630
000000002
000800400
000900000
800054006
900006200
060100000

000170500
000006840
000524000
600005000
090000000
000000718
009080005
020400600
150090207

090006300
804000700
030000014
000000096
083009000
000020807
200000080
010000629
609000000

000900080
000070000
000400090
080500604
640008730
000000000
400010009
906050013
038000060

090000600
002600003
006030098
009408100
480003006
200960070
000040000
000021000
000800019

000230000
000090000
005804000
009000600
000345090
008010430
506000200
400023000
001600008

010070092
800000701
046000008
000000040
003600000
400000907
209000006
600300000
070000100

057002400
000070030
602005900
090004000
000500003
006080050
000307200
004098006
000020000

000300200
005006010
009002700
026590008
010200500
058030907
007000800
002070000
000100000

000000081
002070900
009805306
083069000
090700800
200000050
000100000
000302070
000000002

900000004
031900000
060087000
400700100
508000040
070003000
050860000
000001050
100040090

000003070
000800090
005000000
043500002
297400008
000060000
020007004
070208005
304600080

050910000
010074690
070806140
540093780
700040006
600005000
000500460
300000000
000000070

430910620
006030000
079500040
010040000
050000016
000000000
060190430
090000107
000020590

060040950
918050600
070010002
000000000
000791005
000080000
650000040
801009020
020400700

905000000
000008096
030000704
304000002
600000000
050004000
040000820
072046059
500800047

008000450
000045000
000060000
000096074
000500000
000073600
004000590
009820037
023007000

400230750
000070809
500408000
000000000
960000000
020000403
000000306
047000020
038026000

000040000
000001008
000090200
398270600
067400000
201000073
010920084
800000007
000700002

000005003
085040000
004603270
620000050
100000004
070010620
000000000
000000736
007004800

209601800
000000009
006000000
000004007
120007580
085000900
000000050
000568001
602090070

500290000
030000000
907500080
829000050
040020300
005000000
290103007
100700000
708000005

000002803
960038500
008760002
020090001
050076000
090000000
000007000
000080900
730100006

205009000
043005000
907000100
069504320
000710090
070026000
020000000
000000050
001307006

030007920
820060000
001000000
068000070
200500000
007019000
700600001
009030000
015780000

000710000
030604702
000020013
000000900
800376200
000840001
000001000
000260008
010408630

000100050
050600098
080000002
309052010
500000800
016390000
700000086
000900000
600000927

700001300
900870200
000000400
320064007
009000003
040090820
000000060
000006000
000147000

000000000
968300000
021876000
180000000
400001976
006000000
000200007
243100080
070040000

200000000
380000700
000008000
000003002
500080061
408021073
006000030
003760540
000004080

500800607
000092000
000540300
000000800
000074000
004009020
003000700
200030586
008607000

540020130
200073000
001000090
080507010
050308000
900040000
000250000
094000003
000001008

071000000
090725000
403009000
030002500
020003096
007000040
006400700
900530000
010000000

000000001
106500904
928000000
080000050
000900000
500000002
400010028
000034006
030250019

040000060
210009803
000380000
009000000
600200035
020000040
000040650
005000000
980010000

003800900
000054003
020900000
080500206
004000000
090613004
905201040
000300000
602000000

000000090
000030500
000000426
930046008
000000000
000010935
004508062
610004000
090003040

518000407
060000300
000000000
000000500
700002010
040000000
803706025
400100800
007085030

040309080
003002901
700050000
010040500
000000027
000000403
050000108
172000040
080000030

000034700
800000000
000005000
400057003
000840007
005002010
068000000
300008100
740100020

004000060
710000000
069000102
000000040
800090000
692004030
400007306
000000200
931200780

000000800
008000005
400600700
097062000
000008102
500009004
245000008
060000010
009000000

000009008
900027510
100400070
000004020
600010000
000800049
000900001
050000067
200750800

038010000
020000000
609000000
010050003
000006910
762000080
000900037
003008569
500000008

003070080
801520030
750100090
000000820
500000007
006038510
060700000
000010006
000000070

400000000
013007000
700009000
000100900
006052010
090043200
000530700
005006300
002090100

601050000
000968015
089700000
000000030
007000090
000000500
050602700
072015380
000000001

000053200
000090000
000080715
000000801
000070590
000002043
089007050
043008000
020009004

051004009
000600700
000019062
000400000
000073500
000050071
000160207
000040030
070000006

700000289
500030000
008000040
000000430
403000056
000020900
900006000
000000067
007840500

000900006
046208057
010470208
082060000
004000100
900000700
895000000
000000090
200040800

300004020
070962508
008000006
560080900
000000000
820009700
604508000
000026000
000070000

000200000
000150000
004030500
903021000
500890400
208000007
300470092
000000030
000500840

000000000
400200090
000307005
059060030
000100002
002040069
100700000
504000010
096050300

700000000
000302000
200048000
050000003
064050029
008200405
030087006
090003700
000060508

354000201
000090007
200000000
000600000
006730400
007040602
000000000
000010539
061900004

000007000
280005000
500040079
001000608
000004010
000600740
000100960
000002004
000000801

600872009
000000000
837000002
050009000
003067500
000500384
400000000
370000008
092040000

040000000
092100000
000000200
300004801
100500002
000080069
005290040
084005300
010003000

160000500
903008406
080100230
004000020
302010060
000004000
809500000
500400080
000906050

600000700
900100006
000000430
380064005
050801000
001703008
070000000
009000541
860000000

400060000
061280000
700001003
020000000
000000000
300000710
070120604
080004900
004907038

700430050
400009070
000061003
500102009
007350601
030000200
000900000
040000000
200000500

002008607
840097030
001030800
080206100
000000300
900070000
000000004
000800200
000060900

000001604
403008000
080009000
000004501
200100000
006053020
054900006
019040000
300006000

000000905
200000080
004001006
000000003
620005049
045108000
806000102
000300050
100000600

000200008
070046000
500080004
010068205
208000071
065120040
040050000
006007000
000009000

600000000
000000857
000000023
003000006
090000500
126030900
000700000
210805000
850006209

005020060
002403800
001000007
000000280
410000005
000000001
680100000
200086300
000075000

000300000
000000010
081000000
000580407
746002500
800000001
604200000
000010056
200750830

000240000
000950080
000008000
580360040
430700090
070020560
900000036
000500000
060402870

700803000
690020000
035190000
008300000
000009005
510002806
000700012
000000000
200060700

090100500
200000000
300004710
830040100
007080005
000902800
450200000
009008000
700090004

000000625
000000080
030000901
071320000
200000010
860900003
780030006
010000850
095000000

510000002
007008400
020003017
000300000
000816000
800074000
100007020
600240000
050600800

500000700
630042010
000009000
000060430
000030206
000005000
003000001
004706390
090000520

040100068
000000300
601000920
500000640
109003200
068500100
000000400
030048050
900001000

020700300
097003201
400006000
000000067
100000000
000000009
000007080
900840003
240600010

050000000
002004000
016375020
045810007
007000032
080600500
000000010
000120000
070056000

010000000
008000000
390080600
000600018
862000940
004000300
630407090
000000407
000009200

000801000
070000000
000040103
000000000
001032907
047005238
089403071
000500809
000070000

507002980
004000000
090506020
000000060
000009040
000000002
030700000
002085007
060904850

000000000
060078090
007620050
900004200
005700486
180000079
000860000
200500000
000010020

000500470
200047001
000001000
000800000
000904057
000050384
000000098
020093500
510000002

000000500
006000908
001000070
500010600
000000094
900000000
000870040
043009006
010054803

760800002
300090508
004050600
000600900
000000340
000000000
607040000
900002035
080500000

500906040
004010800
701004095
040000013
030680000
600007009
000000400
000090070
000050000

105000400
037001080
408007009
000000507
000080000
004003200
000000000
000905100
200740000

000006083
000000200
200001504
140300090
650800000
032000000
805004906
960000400
010003020

010700050
000060090
067800124
004070002
090000006
105000709
002000000
080001400
400000000

000000000
000058030
000000060
060007000
200340817
030500000
040010200
720400300
000005180

723080009
005010230
000000008
000060093
600000001
890000500
010050000
200000000
359007020

031008005
504000089
800920010
003000002
000600000
002530000
000009000
090450020
006281090

072100080
100089700
300205010
005060020
781320056
200500000
003700000
007013000
000000000

080030000
027100800
041006009
000300000
000004000
000800007
000400700
008209401
006010092

000080020
020061090
049002105
010048000
000000006
600257840
000870000
000410009
004000000

540000000
100000007
003000000
205070060
000400000
000060923
070023059
000900000
402601300

000008903
004000000
000900500
805002340
000001060
401506802
000000406
000800000
008013009

080005070
004000023
700460000
300000750
600008004
000000080
160507000
020001860
035000000

910080000
000720006
000009004
340090000
090062083
000004000
076010000
800000300
400600000

900008000
500900060
000000000
090200000
100070286
000600900
300050801
820007050
650010007

000450210
030000000
040108000
605800031
098000000
300006920
000009000
180203000
000010000

060004000
173000050
000700800
000100000
080057040
609000007
001600000
004800105
900000400

901083406
400000000
008100030
000000204
000940100
820001050
503000010
600000005
200000000

620091000
098650000
010034000
100546000
009010040
500000001
000003608
003000020
000002000

000003000
000000059
089020407
800000040
007000200
045000800
004000030
020030060
050006702

000000070
312000009
800000300
000020080
100050407
040000503
980000000
530000740
701008000

000050080
600093005
940007000
000000000
000080360
007000000
093000100
800400630
106900708

870000009
902000340
000400028
000500004
000003006
400782030
000927050
000000090
000005603

010200368
000400000
009008502
096315400
508004600
000000000
000009000
060000809
004800100

035009000
720650900
000000000
000700000
090000040
687020500
003562409
002004070
000300000

005089000
000003000
009460000
040000800
001007005
800306900
380970010
057100008
900000000

000426000
130090000
008007006
000200000
000340000
809000000
000000003
010800060
947010802

000006000
000245073
020080000
002030105
000002600
006051300
000074080
500008012
000000400

050800000
030000500
006000000
000000000
700002093
049700000
000023607
002078405
060504920

000045000
006901057
000000803
058003006
000100004
001000500
000560970
000480601
000007040

200504003
300609480
600000900
054000607
006005000
800900000
070000000
080000590
000300002

000000800
000000000
600000907
100042070
000009000
003670200
304006020
090013708
807020016

000013690
900705000
003640705
090000001
700060920
000000000
036000000
200000003
504000019

300700256
009300100
070605008
010020700
000500010
087001090
000800000
000006300
100003005

090307450
000900003
520000060
010000007
400600000
009000002
602000000
170400200
050000000

300000000
852000000
007000000
600709003
000500100
019802500
900050206
700620009
000908700

000500000
000083001
000100570
045070008
106002030
280405067
000600203
000004000
001000000

000005060
000214007
000000508
000400270
000690400
000087000
018900650
000020000
206000090

005400602
200078400
400290080
000007000
300085000
000030000
007804960
004050070
009000205

001000700
000100002
000900400
900300000
200000501
050071008
020008050
000200009
004050070

002060030
070500400
398470006
003020709
400098360
960705000
000050004
030000000
000000000

200000060
064000100
830000409
002000380
045000000
090600012
000000208
000860030
400009006

000000030
000005009
900000000
300200400
009130602
000069000
000002140
607400050
500300970

000060000
000000000
000157064
794500001
000700000
000043000
006008030
043000080
150094006

000020501
000000089
000957200
006000000
019000000
000300096
701009005
000280700
200100030

906803700
030090100
800104000
000002400
000000060
000009000
708020600
003007008
240900010

400000002
901030048
028100079
000000000
347000000
060000017
010000000
080067230
003200004

000000309
300041000
045002000
060003100
000900000
010405008
002830650
000204000
000000800

081400000
005079200
040020800
000054300
000007009
000000000
070105003
000090010
902030075

307000608
400000030
520306000
000520070
800010000
010403205
000040000
000008002
004000007

050000083
903810200
007005940
000000070
005008000
000009000
021400090
800052030
309700008

000026008
180057000
207000003
000000007
070000106
506000090
000000080
603001000
900005072

610000800
000000030
548000000
000000050
000057001
300000060
039004680
000806100
100973045

007000050
000670008
091082000
006000037
129000000
800000010
000000006
058003720
000000083

000020000
542390000
700010009
400000000
005700010
093000700
000003120
004002000
061005490

000000000
000000574
030000001
306000000
100060805
080200710
600034002
047008000
520001000

130000000
260000180
704000002
000000725
300020640
040000000
008500070
400000050
051003068

000956000
690702801
003008000
000003500
000080907
000170000
500090083
000060702
000301000

040002001
003060900
020907000
600091200
195024600
000000000
500400100
209570000
000006000

000052039
000107820
000003005
090070004
780030100
310890000
150000900
040000500
000000000

800090100
400000706
009000000
081059020
000008060
750060400
006572000
000000000
042000000

100700400
000600009
065009080
400003560
600050841
080010003
010007300
070590000
000000000

008000001
003080060
000465002
000002000
090000015
006000090
400090530
200600000
010050006

030491500
180070000
490500007
000000060
000640051
000030408
070010000
000050030
000800906

010350200
203608700
080704003
000000000
600000020
000000587
000000100
700000006
301800052

000060013
080100000
007000000
490810300
200700000
000000000
010600708
060370004
039000206

000000050
000304700
000000300
802005007
900001020
701009500
230070040
005020830
400000100

080000009
000860200
000000000
600209003
090080000
001030000
970000052
300000906
850900710

260000050
000048000
053000908
070200600
000600000
000039740
000023095
004700000
080000000

006041000
012007900
540930060
009700325
600050007
000000006
400000000
700000002
000100003

068003000
910706080
034010905
500009700
000008000
007000503
000100800
000600409
000005070

000000003
040190060
502300840
095004000
000563000
100002000
001000000
384009000
060050000

000100000
060007000
070090800
040000500
600080070
000412600
009700250
000020048
058009006

400000000
860000000
000730060
001400002
200001070
086020403
038000000
070060900
920500000

940000051
621040080
000029006
000000400
400000803
080000005
500600090
008003002
000205000

070000000
000060000
046300090
500019007
010006503
000000800
000057000
090003400
000008675

000203070
107500480
308000509
000800040
000010350
000004702
000007090
000900000
000300805

200014000
036590000
400020050
164000000
000000000
093040106
010080009
025060001
000930000

006004100
000300059
073000400
700000620
050410000
000900070
005000290
094000000
320000000

000070526
030000010
200100008
005090801
060008390
087020050
000800000
050900000
010000000

500004000
879000000
301007000
008490000
700085004
290013080
000100000
030000012
102000008

670020800
004900000
930008000
583700000
000230009
020500000
050000040
000394000
008060000

000090403
000000005
300000000
008120000
000800059
000030014
050360900
090201000
132400006

600985000
082430501
000020600
006010408
004059000
000000002
000000106
000001000
901040200

000800050
062350018
000002070
010900000
320570001
806100300
000000000
000000207
530009000

700100029
000000030
030000000
007009000
160030000
005062047
000200900
000054000
420007003

006000000
010000009
000060014
401000536
070000000
005000008
509470001
360905400
000000080

004006000
080003000
605280010
003000004
206009000
010020000
501000000
090000002
030518000

803000000
050000000
029000400
000008120
100500004
206004089
090800000
508000000
060105830

074580003
010004009
903020500
100000900
080300004
009000010
000800700
000000000
305200000

000027600
002000734
060010000
200760400
000001080
000053000
000070108
080000260
070500000

108074005
400500002
000800006
000000201
070001548
540030700
003000000
004000800
000700000

350027100
090080007
028010000
000000900
010000400
000000050
080172039
500800020
000005840

500000008
029680300
006000000
000090030
810020004
000800106
000001590
000200601
600300480

002000300
000050001
006307900
040510060
050200030
010093000
004079000
090000000
000020000

000000090
000000608
000001034
470090080
000107009
002860310
704003201
000400000
030000000

000084000
000030050
008000000
401000786
075000030
800010045
246300000
300075010
050040023

004000030
100000005
020405061
080000004
640500810
200000750
012006003
060000007
500004020

150000900
038012050
900800000
500000000
000309802
000020043
010000780
009000005
300000409

620001004
000270100
000050200
000400500
803006000
070030000
260000000
017085000
048000300

000014600
007360000
080509000
900407010
060830004
030000705
370001900
400000000
000000000

073500080
090000000
180730540
406001000
007000300
000905001
000409000
000080700
000010000

000000098
200000700
700003100
080010409
061407800
003000000
000200000
000830602
070600000

000020300
630100094
000406008
000601000
000080006
400000017
000907030
310064089
000810000

080000037
030800500
040200008
007000010
000000000
000100050
009034070
000005900
005010204

000000000
300850001
600003090
000780003
000094800
800005940
003010007
000900086
006400130

000783000
530001060
209000080
000800000
000000207
006507039
000006300
000020010
000009002

125000700
009710056
008004020
500907000
094000002
807400001
001008090
000000000
200000060

000000106
060000002
030004090
005032601
001400057
000070309
056000000
040000200
900000005

000600400
040700060
030000509
570060902
000000008
893002050
900008004
080400000
060000003

000005200
030006094
060231000
000000059
000903000
000000700
047000030
100060070
020107900

000000830
003076000
008210060
300040002
870000390
064000170
000300000
000492700
006007000

000002000
000360007
509008006
008003000
027640003
090000000
040200300
060809000
003700008

820400000
060025004
904000180
000000800
000600010
000501030
000006000
000193040
402000006

702008000
040367001
030040000
400020000
060800703
000530000
000005600
008400000
000012050

340000000
700080005
600700008
400600000
800000241
027000560
083000000
100000007
000540180

200004073
008001049
700080200
000210080
000003410
000000000
004930000
007000000
801052930

048670035
070000200
000503000
020080006
000300000
050106874
000000500
000400028
000807003

600071503
000008000
140050090
430000000
090000000
006000001
010803705
000005040
007090600

748001600
090000000
000004005
160800540
020560009
009000800
000000000
000007000
000200018

042000000
001000302
000000000
000400006
030802105
005601298
003180000
000906020
056300001

000035000
592840100
006000000
100659040
009004000
400003800
040060000
005000000
360028050

100080004
030001059
002000310
700003000
004708290
091000000
048000005
905004000
200000000

008400900
600003000
010096805
800000017
000070509
301000006
407000000
006000000
000005001

000517000
403000000
075000090
701060000
800900506
000104800
194006000
600000000
030400000

600000700
002000003
078200146
210000008
004000300
860100000
006010004
009043870
000000209

601034002
052001000
080000050
000000000
000000547
206000010
000000060
437080021
008000003

000090000
560710000
400000000
000080004
640100000
009064258
000850690
000000002
000009701

009008060
100730000
530000040
000000070
000090804
000004539
000080357
040000080
000019000

480200007
002700430
070306001
000007000
005000000
048000000
021000080
000060010
030084065

000049000
609200000
402080100
000790000
900802600
008000050
070004900
100050000
006910405

009000030
470300000
310700904
057020600
004160050
100004023
000000000
000290000
000000060

000000900
030000020
000000070
060000010
059004600
102003400
204069700
300075040
000042030

006000000
700006010
058000000
367090000
100000200
000000050
002007500
001200086
530008090

510400070
700000020
092000600
030000000
000071000
000060010
076032000
250010760
400000009

000700005
000321400
000004000
200860100
000000000
000507300
350000704
780635020
120000600

300000000
049057000
000904000
090006050
406008000
037100400
008400007
000603000
600719000

008700041
000409500
070500009
000000000
700004000
140008000
013000060
000900084
800653090

060700000
200001008
830200000
073000000
000306000
000054000
508000204
004015786
000000001

800000000
000000100
000900026
001840500
400002000
780609000
000000080
600507904
209480001

400030000
065000000
030602000
203070040
008520300
040000000
150040000
000260100
807015004

080903000
090540600
504600070
407000030
000000286
000000005
002300060
000020500
009000400

002000070
800060000
001000504
040081700
600000023
005000810
080700136
000000000
704000000

008000201
430000000
500100793
300700800
000904002
005020400
000000507
007000310
800000020

003002000
100957060
000800000
050201000
200069000
310000900
680003700
900608000
000000500

000902701
030400090
100803604
004200100
391000000
080000000
000000900
760100803
040000000

090006020
000007000
100040000
000005060
000408000
000000079
810050792
040600180
002010005

007100608
010900700
086000020
000020000
000703401
000640200
000036000
900007806
000490000

026075300
400200600
900000400
000004000
003020000
000030000
107500060
000640900
040090007

090040603
040700002
200060410
000300000
000090000
000520060
009400037
017900000
020001059

004800200
120000600
073000000
030700000
200060401
600000000
306000010
005341002
000000708

000010000
000650070
000309006
705000001
603004005
901072040
000026900
000900030
000701002

000409000
700050000
000030000
600300098
800900000
003820056
002000500
509007480
360000070

001000020
709100306
300000000
608005010
500060900
020000700
090000200
800000600
030910087

000000300
000508000
061040000
000001062
000800500
000635407
076300040
030000801
208000000

405090000
000400087
009001000
107000608
000000042
608000001
092000060
800012000
700060004

000000583
000000000
401000000
300000906
294000100
500200000
609502304
000304098
000610000

850001002
000009048
069030150
520600080
900803500
003002000
600000090
030000000
004000000

200008006
000100090
000709004
400007050
000510600
060092710
009000000
504000800
800000000

309001000
070023008
026800510
000000030
000086000
005010980
000070025
003058060
007000000

090036000
000000000
008094000
000065403
003001080
001008500
940010000
015607309
800000006

000000051
500010294
000000600
210304000
040021080
900600000
000006830
000080420
009050000

000700000
701204000
000090000
900047100
080005009
050120480
000060020
000500006
500918000

030907600
004000807
000006020
903064001
042100008
071803200
000001000
000008700
020090000

000000000
420100000
005000000
600007504
307005018
000006070
700050003
008263005
040000060

004070603
000609000
000000000
130400700
049020160
070500000
002000306
900016005
000300090

900000000
500000017
010000836
001006003
478300050
000870091
000090060
040003100
030005000

090050080
400020010
000000534
029000347
570000009
100000000
047003801
300000000
000009400

070000000
080000000
006000080
093200601
602900073
700040800
010309007
000006010
009400030

600034050
000190400
980500030
000040208
000002004
003900160
000400609
000000010
006005003

406000070
180600300
200080004
000047000
000800000
000015000
000003020
304061850
600750040

002000037
000000000
803000000
009006003
000020004
026500970
000049000
097085600
004007008

000804610
090600700
801000004
009003000
007001900
000400000
000358407
043070000
005000091

509800000
210500078
084000000
000195000
307204000
000000000
405003900
702000050
000902000

000050630
710203000
008900700
200005000
067000002
091300000
000090000
975080000
000600080

000060000
000005300
000913060
003020400
021070900
005046070
070650009
104000030
009000001

005004070
007005210
200000500
001030000
702001340
340060900
000007000
000200406
000900000

793004000
080010002
000380000
000000900
009730100
014090003
406800009
000140000
002000600

600050000
003028000
050904002
040080000
001200000
800501000
000600320
100000004
500093000

900006080
000000763
020830000
300008050
060000490
000000306
009004600
000350840
005200009

001400070
930018005
020009000
000002400
240700008
085900710
000100020
000003000
010805000

300000796
000000008
076050200
003000000
092580003
008740002
800000300
009600547
600000009

100530060
500008200
000907000
000072803
000300900
000005612
000003005
000000190
008710000

070109500
600840002
908060400
000750008
000000000
105000000
067000204
001000090
400200050

420000075
009200160
010057920
008700090
060080500
000090010
200570000
000600200
000040000

500840709
007160040
008003650
076000000
401050807
050070493
310000000
080000000
000000030

050041028
000200009
000007600
000000006
080005040
140870000
000000000
005098014
000620700

062030150
700000900
050000200
500000000
093000600
000000000
020600510
980071320
300092008

700600004
105094000
009850700
000080000
084030000
000000600
030000400
007000069
900041008

000008600
000000071
000415800
000006003
000070020
046150008
030080000
007203000
000007040

042608050
300500020
080090003
000209500
000000010
000150206
090000008
000003005
000004360

000007000
500030000
100000000
000010005
807009400
050004690
008560030
000000760
309070108

004570800
100900000
908032050
000000003
000000042
090000700
000000105
200000090
070094300

000021000
510306000
000400000
001630740
058010600
007000200
030508000
005060070
240007000

810000570
000000000
000000863
768203010
240000037
300000000
020008040
004002600
600301020

000905700
000800000
390040085
000000060
200063507
000007342
500429870
000000200
000000053

010000000
000000730
300004000
000700003
900000100
401300098
004082600
008090207
200100004

890000060
010070050
600000072
000800007
003200000
281000000
000000800
070100005
356000090

540078920
701000060
006000045
000014000
010006000
460529070
000000000
007042000
080000009

400010600
000690020
800200040
000000090
003000000
020000080
680001200
094560008
500802000

600200000
504000900
090000104
061004800
008100709
050000000
800000400
270006508
000082090

070009040
000210006
302400005
000070030
040050000
000600000
100003207
000060500
003000069

200507900
070640030
009000005
308000400
600000002
004000050
400000020
905000746
060000009

180070600
000006300
002008001
000000705
003000082
050720104
006100050
005640000
000003000

000057000
000690000
006000082
040700008
000204000
002063700
070000650
064000300
023500070

000360000
000008000
200009540
020090003
050130600
030500408
040020100
000000000
590001062

000000400
300000810
000100030
008703090
070510003
500420700
983000000
007000500
405000080

000052006
009800100
800000000
000600000
093001750
072590000
000000698
010000002
000709310

900000000
700003090
001000570
080012030
120670000
000050009
800000000
300000715
065000008

500200100
083004500
000000000
205000901
000901800
008072034
040703000
000100000
030005000

100400000
567000020
002000300
610000700
070096003
020000940
000070004
300000602
090001000

007092500
008500004
040030006
030760000
060000450
824003007
000000009
003000005
200800000

004800070
910700000
860053004
000000010
005000080
040060000
009007000
000508307
000640008

800275010
000000300
000800040
008030004
000001000
074000000
000008700
200004806
006510003

060000001
401009000
500000290
000000050
607000900
943000016
300004529
000000000
010096007

200070600
000000438
030850001
000700200
400008050
600000007
000000100
000634002
000502086

000100730
200900001
407000206
000300000
008000000
001000800
000708003
006030170
073420600

510043000
403000000
008000000
000070800
005910000
090200700
001000000
304090250
080105000

200000000
005130702
109870003
003016920
000980106
000000350
000320000
000000000
001050070

040001080
520000000
000005000
900060043
001083050
600000200
300090061
800300009
090000502

000000003
050008900
602500010
006000309
000800006
870003200
710000802
900000067
300000100

000000040
000000300
000030900
070340009
845100700
100002050
900027000
058000200
402090830

000090000
000406230
000000401
004165000
000040060
000003000
090000018
103500006
050801009

060904001
000050006
200000000
000300000
000095002
100760400
002000003
917040205
005170000

500728090
000100040
300050010
000000000
700800100
900000200
070200000
200491580
109030000

150790200
000208400
020001800
002007003
940000002
507000091
000000000
000052000
790000000

000403280
000710009
709002300
800070532
000085070
000200000
002008000
000039001
008500000

100000052
285000000
090000400
870190005
009054200
000000800
500910003
020000000
300000970

000000689
950000300
013000000
001600000
395100000
070080005
008000007
060090040
700000103

710900008
000368000
005000406
000003000
040090600
508006700
090000003
403000100
100000000

042000100
890000003
006000784
900008000
030000002
007030060
084000000
000000801
000902007

000007000
000000071
500083020
090400002
043802500
108900000
000290400
000005000
000000058

015708000
030140050
074056800
080000074
046300008
200000000
000000020
000600401
003000006

000000050
020900030
000002000
000506090
080040000
030021000
109008006
400105008
800390015

901020000
620000030
057009460
700041500
513706000
000000000
060000290
000000700
000010050

050700000
060000300
000000000
700600502
025003104
040000068
001407200
002300705
800051000

000000000
060003740
000800300
003080090
100049000
040630508
000000063
304010009
070000810

090000438
002000000
100000007
081030700
000000043
960020000
600008002
009072610
704000090

010050000
006030007
000000002
000007903
900000060
000010000
003098250
580006010
000020306

860090523
000800000
203007490
000002750
000009000
900460200
002006800
000008000
000040070

076004000
000027000
000008000
205000030
007000106
008000405
403070200
000406801
000050003

000000605
910250307
030800900
000005000
000003700
000600000
100002560
060307002
800060109

400000300
907000054
030000006
195074000
700000000
000000907
683097100
000000800
010400000

000010007
200063910
300905400
006140020
154602000
007000000
000000000
000004300
009300200

000000008
000410090
000070306
000000871
907000024
020000600
083000900
070340000
260080100

620490000
105007200
900080004
000000025
000900010
001000000
070060000
200004090
069250700

000000760
000800095
006040300
060080070
000010000
090067800
980000001
054090000
071000056

040080002
002300504
001070000
100500070
090100308
037000090
000090000
020008130
000002000

670004030
000607090
014005006
068000000
000000000
390050000
000000704
050000860
800900053

020000090
100200035
000000010
609070000
010803000
807560003
705000806
000000070
000000902

000060180
002800900
400007500
500609700
000070000
000410005
008200010
020598460
000000000

010008300
000504102
090000000
000000000
080100000
040060000
600830500
004905006
002001830

020084009
008600700
000000300
300000400
070103800
000462000
096020018
000000900
080006030

800000000
031008050
607001400
010080600
000500302
000607500
700050800
000000700
462000000

000070009
000400300
000539120
000000400
007005603
200340000
000006500
902050006
000900010

780600050
006000000
000070490
409080000
070143000
500700008
308006000
015900000
090030000

000430106
031070400
005000000
000650712
000000000
000002364
003040080
000180645
000000203

940000301
205301700
300206004
002050160
000007000
503600400
000000000
001005000
000000053

304608002
500000000
900200501
009040000
000000608
000500000
000401080
006030900
000800304

004569008
000000090
830040000
000081009
000600837
000004006
000000143
500000000
300907000

000000070
040050003
000000000
083200060
700900400
020005309
200800000
000064580
030007000

004007300
000000000
960003040
609000450
800000702
005030090
000000903
400600028
057000060

429000003
000000005
086320100
800040300
090000000
053000069
100064000
032000800
000000900

000673002
002140000
000000000
004500020
608300410
050000078
010260300
400000000
000435000

806700000
000204650
400001037
003010500
607400008
050670200
000006000
001000000
300000004

000060009
006000203
091200504
004020000
320009800
500183040
000090000
000040000
150000000

020800000
590304000
008570000
100087000
000250100
005003008
003000400
059700002
872000000

006100200
008540030
401009008
000010004
000006800
050490320
900000500
204000000
600000000

970100008
021080304
005400020
050079030
002000050
780000100
000000000
000203000
000000010

409700000
170000000
005030029
300070006
007090540
042000000
000000965
001000000
050000004

000002008
000000014
000006020
704608000
900007200
800020000
051000006
200054700
000100900

000280056
009054300
800900000
030000498
045000000
700000002
503000000
278000005
000000600

000100507
000006000
000090410
059671040
010000000
047030020
000040603
000310072
000005000

800106000
500070001
090050840
004002008
060700005
100060200
209000000
050000004
000000007

000000407
000000625
000000090
048603970
609702003
003000000
070006509
050000080
400008206

021005004
004000300
300790800
000000080
507040123
102000000
403080000
950002000
000000007

007030009
000008000
005907800
000005000
000090045
600020930
028003000
000000500
090740620

620000000
004006870
010000400
000000100
003000200
067000580
000300040
400017008
530680001

000093006
410608057
506000890
000000000
800040000
900005000
008010705
700050009
100004080

050008003
130000000
000000000
780001900
092003560
000200000
300000600
019700020
006090107

000060800
000073000
000000004
000890572
000000000
006005040
037050020
490007006
065204030

076809000
000040000
305026000
060000000
730000940
824000000
000390480
007600509
000008000

502000000
300800000
000400009
000300005
780000000
600007002
070500630
900602087
000004900

800005000
009604000
634010000
040000000
100000006
000509000
900306400
002008300
008900210

002604030
100200000
500300104
006800000
408009000
259000006
000901000
025006000
930050000

790008600
000602008
000070005
900000040
000050270
670030090
000080000
000700400
060205009

030090000
901004000
608100000
000083000
000570100
005600900
000005000
500000800
364800057

003900720
000070004
902010000
007000930
000000208
080030007
714000000
200000609
030000080

000100000
030070000
094000000
450089067
000001000
007500030
009000600
100360085
500090040

005943006
000060508
600000090
000400000
000000280
008000700
300500000
070038050
500709402

100300000
080020000
009000004
002008390
900002017
000003050
500070002
010000000
700080000

020500900
056000003
900830070
100900000
000700000
000010000
210000700
008609012
700200805

005000000
104000000
700510000
200000000
007095001
000708060
009600002
600020140
870400005

002000150
600020008
879000000
003000000
090000000
508000327
005700060
100900870
930010005

060040003
000700400
020035070
300000009
049300080
580900206
000000000
608000000
004200000

000000005
000000176
000700040
050406001
000100029
007032400
901004600
000003000
020050093

000000020
027400610
405060090
970200100
002800006
510009047
000900000
000750060
004000000

000060000
000000000
000000837
300040700
940007068
500800490
090080000
870050041
160090003

500609803
000010000
000370269
600000300
001000700
000000900
100007600
020981007
003260000

905000000
408000000
000000030
001059340
040008010
309100000
000600180
000095060
057030490

000710000
060430010
000090260
010048600
000000079
000007480
009200000
000060300
070304002

002008007
037509084
040000009
010400000
003002000
900007050
000900030
000003070
000175040

005108400
890000600
006000000
000000000
000003020
030605000
021900805
600050102
500000340

000700520
006000090
000863000
000000070
060574000
803000000
500009000
000000040
400020953

060409800
002008060
080105020
004001000
000000740
000000000
790006000
408007100
026080950

000406000
080000900
000390000
107500090
036170580
800000701
020710300
000600000
005030100

002000006
910007300
060430000
000006700
005900000
000820090
100002000
000090068
004100000

050006070
080010005
619030080
000040000
000603000
000908000
075001038
001000090
030007401

006970020
090000080
030080540
000000070
005000003
000040900
000290006
800004230
200600004

000500400
420900000
005000190
004690503
003405960
000000020
010000070
502000000
009200630

000600300
000050000
000200800
008090600
600700250
002801000
005120000
210087000
030000006

003080090
040000000
007000000
000000358
160000000
098000007
006801400
070400003
009500701

000000200
087002004
603007019
090000001
142000000
000000480
960300708
000000000
000800302

210930007
508201900
004500008
000000030
000000700
000700580
300009100
020000004
400370020

091002040
000000300
007094050
489000020
000000500
020030000
072000190
000000700
005007030

004000903
000002000
009080000
300060800
007400001
600010709
100890000
400000630
028300000

700000000
085942000
000050000
070084650
008030200
009200700
200000000
000096400
056008000

610000802
000008005
000000470
240070100
300000600
000003507
050000030
060040700
070080004

080000050
000047608
005000931
070360004
000078003
000000090
010830005
000090070
000000100

000000063
001050000
306940000
050000014
000000200
930002805
200000180
060038000
000000096

000007680
170069052
500000000
000000000
000000008
603000200
960020000
300500007
008190005

000070080
100000670
070020503
980300700
200009000
005006018
000150300
060900100
000000000

020000030
500000690
106005002
600000000
050000000
041050200
060080003
008020400
200390501

000803500
007050810
000002004
600000070
032700001
000500600
004100380
000204000
000030700

060004003
002800006
070000040
004716000
000000000
000005000
053608704
016070085
008020000

400105600
000020070
000800002
050030000
008500204
604002003
000650000
000473165
000008000

000300260
000000004
500410900
040006150
005080630
006093008
000000000
200059000
400000080

300010002
060380040
005002000
400060209
001400503
600090100
000000000
004908000
000040000

840030010
001900020
360000400
008007002
200301967
000040000
003000000
100602090
000000000

090300005
300408000
002190460
000040600
000500030
000000201
900005004
803006010
000200000

602300000
074060108
190020006
009000000
007002040
081004690
000078000
000000400
000006800

600000000
400000090
095072480
300004006
006200830
000050000
700000009
009530002
032000000

800000260
902006074
340000000
060030700
000050630
000090050
009000006
000000420
458000000

400700083
050600010
008004600
000000508
000000000
500000007
034050000
010090475
000108009

003006027
000000100
820000030
900000470
600040000
108000902
210900060
300000804
004000000

000010006
010400082
000807001
001703050
000501000
080062003
000005870
005000060
460300020

000000402
000000050
050000060
540013000
020590007
017004090
400170200
000040605
600200300

070000001
090200750
503000000
005070200
400000000
820000049
000000590
284500010
000007084

000000005
000000890
900030740
100090000
036075400
000000510
601000080
095403000
700060000

030070009
856200000
000300560
080000130
009000070
000000000
090700050
002180900
001093002

600030070
000000050
000602800
207005063
008300004
000976500
000090000
002700040
000054009

000042000
200100000
435000600
500800000
004517008
081030700
700020000
003000000
010368005

106900000
008040000
000050000
002064050
897000000
000000002
540009800
000810007
001005000

000000005
010000620
000010000
000560300
530870900
002000000
300080000
080901756
950600010

003000000
600100405
000090060
790630000
008905001
004000000
901504600
000008000
370000000

000000000
000002067
000040010
400008020
605100080
000020594
070080105
800056000
040010000

780650900
500001000
120030080
005012800
030000000
218003009
000900703
000000001
000070000

000050002
001000305
000000090
080000009
403200008
002000070
800030000
035012000
107540080

000078000
403002000
070690000
004250080
530000070
089000003
600000000
000700000
057460090

000006004
002080930
000000600
804600000
100004002
000019405
000001300
000025019
009340000

000000000
300010600
005008017
090000305
000005070
000000982
560087109
002030000
800000500

000000004
005000900
900000000
010906407
058002000
000400800
760201009
002600100
090500040

600004920
050000006
300000704
700000003
000000601
045060070
097000500
003051000
000096302

000002470
000700509
000000083
540027800
000010000
008350002
080074100
000000090
000001208

000000506
003560000
000023070
000008960
800902003
004070002
000050007
000000000
702000894

000960020
000000800
900420050
000000070
800072405
000000306
034057060
000090000
000200743

050000000
091400000
004000800
082004500
900302104
000900000
860509000
103006209
000000080

000700002
640000001
000600094
008100063
400000100
703406089
080000000
007000030
236008000

600800004
001002065
020034008
000376100
307100002
008005000
000007400
800000000
002003000

010020035
070000000
030000472
021030050
600040001
005790000
040000007
000400300
002100600

000000860
001006007
009010302
700000200
600340009
020000040
940200013
030000000
072000604

030005807
408701093
900000010
005000000
100003000
000400500
006009070
000100430
800060000

060310007
002490001
070206408
004000009
026040000
000000200
018600000
900000130
040000800

600000100
030500087
000460020
000000860
000020000
000300005
400107000
003804050
000600003

000000208
020108069
030040700
000073000
001600002
000910040
007300016
000087903
000000000

000050040
000203509
000780003
040910080
000000000
208000004
000002015
902004007
000030400

100090400
000004003
007800006
029470000
408900000
006003001
000300000
600000010
072006000

005307000
600040000
024000000
906502031
052006074
000010000
003004002
019003000
000750000

000000000
003079000
104080000
000820000
200004083
040361720
000207100
600010047
810900000

250006080
017058000
960200074
070000029
000000465
000090100
000010002
400700000
000020000

000500030
000090000
000000609
030000074
400021060
500670010
340006000
007009000
910005403

040083020
027510000
300700000
000030000
500920700
001008900
034000000
950000000
200849000

739021000
008000000
500900000
040500000
000700509
002090000
300010200
000408007
085000403

200000306
000803000
900600000
179080000
000005000
600001000
860002100
301050092
000006500

800270000
200506000
070000109
920040800
007080001
600002954
000000007
000800000
000900508

001800090
708050030
300601040
000004960
600000570
037000800
000000006
000900000
005400000

000001002
506074000
001002740
000000210
053100064
800000003
030000600
407000108
002000057

080610900
005709008
100000640
000000000
900050000
007000000
000085103
001400096
500030070

050000000
000308900
000940000
300700000
070091000
425000000
000100700
840050000
001073802

010000000
000852006
000900000
006009005
230508010
000030000
857020609
160000203
000007000

000800000
007200500
608015000
402060310
086000000
170000400
701000000
000600000
305428000

100000402
000008000
000600000
001007003
040030009
000210007
320800090
008009706
090700000

061080902
508003400
029065800
000230001
000000060
000840503
000090000
000500080
000302000

007001006
600002500
900060000
000000007
020908100
578000002
109000200
064000080
000000405

076201000
031904070
800000000
000000869
000600210
000008003
000000080
000000602
007360901

600005000
008030600
093074081
409000000
000000000
100056000
010009506
000000004
800061093

050200000
420800000
000000000
006004029
075080004
900006007
040900170
007000405
060000908

060009000
003700005
000001000
010090000
042070503
005600700
000413050
090500060
034000007

009000804
010000000
000000917
200000100
096401008
000700095
000200000
105000640
048900570

000000910
053000000
070020080
430010007
087059001
029000300
590000040
004001500
000000008

007920400
800040001
025000007
000006000
000000004
000009010
080000000
209604800
064870905

008000090
900080401
032100500
080071005
000000900
070000280
050004302
000000000
010002050

030000218
600009050
005800003
000020600
010300000
970160080
000000105
000090026
000000790

045000902
900000060
703090000
000200400
607009015
000000609
004000070
090010250
100000000

850900016
000030000
901007380
009300020
000000000
000710005
000506008
005870090
000290001

090000705
250007008
300500900
000070500
000008300
000004000
001095000
030700140
080403209

700008026
000000000
000000074
010060000
020380000
000207009
130000090
006040000
870612300

700104803
603000000
490000000
000001009
000000007
000358000
540097018
000500000
300080600

003000096
009000200
280006100
004001079
037690000
100070620
040020860
000000000
000000040

501600009
069500000
000030200
206090080
087001050
090050702
000000000
070000108
000007000

860100000
003004900
004003001
006305400
250000000
009000000
400200000
090001800
020809500

079184000
402309000
000000000
008010007
040035800
050200900
095000020
080700000
001042000

900406000
075190000
030000020
000504000
000020300
000710200
400000000
106005709
000260000

087210006
040080109
000006700
032860070
070003000
001002000
000030000
068907000
010640000

000004700
000086002
000700010
140020800
000409500
509068000
000000009
620500007
000000080

000060930
200407000
000200406
007006000
948000003
010000000
020001000
400030001
036002000

450000860
030000009
098020000
070000580
000000004
000040726
200438090
009060050
080009000

000014908
020570001
008069400
000000057
190000000
070000802
000000000
650000709
740000560

480003007
000567800
000000006
003000020
160040000
200000051
325600140
700800000
010000000

000000490
000708000
000060210
030201074
001080006
007900100
300040060
600003000
800002000

040310805
009840006
100079430
000000700
000480010
005000609
608000000
053000001
000000900

000690000
000407100
097000006
040012060
030000000
000806470
000003609
079000020
000120087

006800000
000029010
100350072
003000007
078000096
900000501
307000050
060030080
009000000

000200006
000040000
400031528
200508000
000002040
000060100
061800000
002050960
000009300

000071204
000040090
000205600
006000009
700002005
000400700
002503900
000000051
100097030

200060401
704080000
060031080
006000000
405000062
870010005
000005008
002000054
000000000

006007003
000408000
000090000
609000000
007036008
038205040
003802004
500043007
000000002

056700340
002500007
900000800
009008000
023650709
065300000
004000080
000000060
000030500

006000000
000000050
000068021
000500009
001807060
900100504
600001080
042000000
070650200

000000107
000040000
800000020
000006000
060980050
000020410
400250700
900007005
000001280

000037040
000008370
001000080
020076100
000000060
008009007
080700012
300084000
000062090

120300500
900208000
000790003
408020000
010000000
000080001
243000170
080050304
000070080

105000730
600005000
008300052
800072610
370000020
000000400
500000084
000000170
001080305

060082000
000000000
000009400
008600009
000001620
000094108
901240005
005000380
086500004

000630420
000010003
040000000
064000000
900000070
800391000
007400018
130070640
000080290

009000200
610000503
032000410
000000908
000040001
043150000
204000000
065012000
100000006

060047000
020890406
300000000
008700000
900065000
536004709
050070000
000006000
890200007

007305600
920608004
000040708
000700000
609200030
000000400
800026000
300000000
060950200

070900000
000800402
600000500
405680901
780000000
100000200
000000000
069502008
050000600

920508700
008070030
040600002
605000070
080000954
030007080
800000090
374005000
000000000

006050000
030790050
079084006
610300008
800001005
007009130
000000010
000000800
000007000

000350070
000000008
400007560
308604007
045200000
700500016
000000080
060000003
004008002

050702060
000000300
070046029
020009000
047320090
000400001
000097004
000000037
000150000

901040000
000300004
032105080
000080000
000907000
009502030
103270009
000400000
057001000

000020800
948001000
000750400
106000000
005000000
090542000
010006009
000080000
080970500

000000108
000000040
048001506
090008005
204013900
035406000
000000001
060000200
419020600

053000206
000402900
920056080
007005800
034090002
000000075
070000000
005000009
260070008

409008230
506003400
200040005
003200800
600070000
008009000
000000000
074050020
902000500

006002007
003001500
070050463
000040050
520870104
107005000
000000800
000000000
610000000

010780002
040510008
300004060
081000000
437000020
200000000
000207300
070008000
006001084

000900607
006100300
038067410
007000080
090000100
280410000
000000940
012000000
000000706

000010002
000000000
007000006
020800031
008006009
900040200
701200408
342080900
090600000

300000090
006000000
042100300
005006400
908000010
000000500
000001800
000840000
060905203

003100490
500000083
040800602
306000010
000004000
000030000
104000005
895000030
000029000

000000000
008000275
532000904
080000600
009460057
020500309
000000760
000000002
750200008

060000004
030000000
001006000
000400000
082009050
050630009
008000205
010304900
690080001

900000070
050000400
018000000
200065900
800000200
006840001
060710040
000000000
074009510

000608003
000010000
000045000
680090030
005000004
010003008
060900080
050200960
920004010

520007460
000000000
470000002
009512000
002600301
704000000
005009006
060000073
100000040

700300102
006000048
008040930
600079000
009000000
174060000
460007000
081000000
300420000

000000080
000000340
001060000
002800003
140600002
080910400
008030720
007080060
090104000

807000000
000300005
020000000
730004000
001920470
904000030
208000900
000001548
000079100

010004070
030090008
060102000
000008030
000407006
083026790
000060900
000003002
000700043

040020070
006800120
089000006
000000000
007091000
002000000
004079003
060008001
300040000

000109506
700004300
605800010
000000007
900000600
000000001
008305009
109007030
050400870

004030000
080002000
305100002
049200010
000801000
006093000
020400058
090000000
501006400

003080002
000610800
900002004
005800000
208040000
431095000
600403000
002000006
009001300

000065001
000900800
000000590
600580002
400000070
800201040
000000089
000627004
250000000

600530000
000079350
000000000
261053700
470600000
050002000
020060000
103000020
000091400

000607000
000000040
060520008
000403000
070000016
000800570
000030005
010000084
007208030

040006000
000000000
800070603
000000000
219068400
600012000
327000000
001080009
060740001

000000000
004000200
028000030
049708500
000030406
003600079
007065000
000320900
300409080

005260083
000000000
720000005
001000509
870000060
200000000
100000008
560800937
090000620

090000003
000000145
864000000
000000001
480000790
900508000
703000006
040000070
009105000

800000007
001080030
207000900
490008001
000000000
000001400
900070060
062409310
010030000

001503000
000007010
740092600
006001030
320040000
500070000
490210000
007900004
650000000

500009380
000000010
000000000
000800000
800095020
000310060
002003890
001600070
670080200

800701000
095200080
400008000
000004000
004100000
000000250
320500900
000903120
018000075

107300000
840000000
050000000
005070030
060480105
900010600
008700000
090000006
400960310

000040900
082000403
900000802
100006000
620403000
003085000
000900604
000000200
001208000

600918050
020007400
100000007
000006002
070590000
806040005
500200000
000001000
004680000

540000600
802000070
000700300
920000050
600002000
000000000
080305200
006080043
070060908

020608930
908570000
307001006
000300020
005000000
000000190
003800010
009006380
000705000

400610000
010023000
203005000
300000100
004108509
560000000
080032040
600580000
000400200

980004003
304000200
600002700
000000007
000000000
020600008
431700006
000980040
060100000

050437600
000008574
000090100
079060030
016040000
305009810
000006000
000080000
000014080

000034000
000107000
004080003
000000009
106400050
950000708
000970010
003006000
000000806

060008702
040000510
200060000
700200000
000050030
000000000
600003000
800017040
470802300

302006050
000014000
000000308
500068103
073100900
400900805
090005400
000000001
000600000

040900000
000018000
090400007
007003000
580109030
100804000
002000705
003000018
019500023

600100900
480500102
502080000
000020600
000000004
000800005
000090061
040015039
030000000

000092000
000700050
107800300
000000820
500010403
000907000
000000500
000004097
700230040

016000709
300006120
000000040
080000000
041008600
000090000
000700310
000900800
870402000

000805010
000700058
000000962
803920007
002030000
005010009
600050301
000000000
001300090

900100400
000703500
300005009
010420080
508000000
040000702
000000901
002080300
000000007

080650040
400000203
050000100
000026080
207540000
000000010
820003006
000001000
700200000

000006000
172308000
003070040
000057000
007200000
000000014
600410030
085000000
000063000

400970800
080020003
003006900
052060000
960000000
000000000
004030008
200080700
097040052

490083005
807000002
001200007
200007000
000009100
500000000
725400030
000030094
000001200

007130204
003000000
200005103
000004000
000000010
526700000
070006820
030500000
605017300

000070000
000310000
060005001
000529010
300000070
025000608
090068000
670900000
058100300

086900004
700210000
013800790
070096040
004008300
068000012
000000806
000700000
000000001